48.94154428009996
54.88929196576719
63.28811316251666
49.963916926057784
66.30794589767741
59.41349720990506
62.302176686256594
61.20314974966578
49.64272122713113
71.96173774402332
64.29769795026208
63.80283311593658
45.036622970061075
50.2777699949042
56.323136441751075
49.137391409596354
65.14742211648053
65.03446001858772
53.84943742567671
55.2530849534908
46.39741348314237
67.85345652798276
66.6802371564905
74.97644862555664
55.600037516734155
43.56404466701572
59.34297826250517
57.40045363080017
62.3737686006557
77.03547983070108
53.99840557987331
51.93374239847346
53.273320713670856
64.07226634874498
63.99554499709253
60.33225017756617
60.751703649208935
59.737260691241794
73.79165254886802
64.48879927827497
62.418639962208005
53.902720934295075
55.35283814464521
65.86444287701632
49.2106798252254
52.289410960086
57.708609580150586
73.65618185683863
58.77453264640288
63.809100957280094
60.27724297755664
50.501642225328844
76.70786459247645
62.72176838386676
57.796852762347946
56.94532332053747
68.77636128017504
72.01564736363918
52.32408113804854
58.24618364192702
61.86923740194521
64.09240806464572
60.32694326104939
59.62876065620621
55.10687924697996
57.18087439366769
62.39831045601814
53.633112663099475
60.86956663312567
62.0564320823274
57.457998424785245
49.1762864217061
52.42995840892224
53.22424266614716
63.55536989102623
57.6562519405424
58.961241819790004
64.39639858591678
61.703095023779795
67.17213722859654
61.45878869898051
59.56064486713772
65.35343113843939
63.440909523800705
58.452081191878584
59.50520229809804
70.04439081085361
50.73688413439802
60.28163363732362
55.692432353584174
48.83029611147532
74.27458749284877
55.57929443790983
66.5442568816587
60.85706949920421
59.21509254030583
52.764976199665504
58.992596507618096
69.2213569562519
58.756319825303045
44.816549264968906
52.225227122830354
49.81240181550849
66.81523800497865
73.41338269145238
52.84652935255542
65.33752193830232
62.88941319035392
48.09157646155252
64.80851201128176
64.6530469963594
70.46166677075571
79.09393488393934
64.72723432247166
58.69202410125208
57.67368995442748
55.116295888440085
60.346310117862096
52.2601958237439
68.48801804897832
68.89204100622956
53.19385324183284
61.769621985337594
65.13922269979994
38.61350980767213
56.529373678446994
52.08780954519548
69.6817262531824
62.91782986956248
49.78175838239673
66.12985902560024
60.28899676419006
61.47928666403241
64.1511744393187
65.50222422355624
71.29522777658735
60.629158348697416
59.64186813335027
53.74573435461154
58.72504328330972
55.6503043307077
68.05306141517073
62.85196333493722
55.39119350043464
74.9042525768412
64.32880411186927
57.63222039387714
71.51561367735388
59.479315077997484
66.074607068884
47.84147463558435
63.28058844877412
59.46090347742499
61.886120181669256
68.01615061458547
52.701635694150674
70.72706947027211
55.0827337391272
57.95642870568104
44.334205500376385
61.78315001400962
72.27738662747385
76.4093011445338
51.27020645310099
57.39806045333388
62.3119030237455
58.58189706125054
56.964454722437324
61.494166616
64.01345049337338
49.99852429740363
72.00582674822132
62.14101488410014
50.097269109658946
59.8749987371357
66.04924239433875
70.34398851797353
50.63304178428771
55.84739960448334
56.8689956041824
62.72364439636251
53.5623572451341
57.3280928248429
71.484736594791
47.23980246976603
50.50430193770384
56.58218766049454
60.320741668755744
58.174390036595184
56.12272534706386
72.14442487674692
55.16840417881958
47.252932117332996
58.709774323581364
53.00028350408167
68.85815477291762
59.27265225233289
62.07841306125943
50.27910050508486
62.73153395977118
51.202770514287636
67.87467660394697
75.5084065370288
64.24214753729412
65.51825228023317
46.77585700142032
63.09882095750537
62.62998975097938
61.96523395744385
52.011730725693276
66.68570572443814
55.95768695306524
62.985135365372315
64.0289491527637
49.60255822623312
60.718411832468206
51.92253706767956
69.70086335960869
66.4329648686405
71.60126877220333
57.094154336472286
59.778948777634554
68.76050265593675
59.167985026072856
52.61038527775172
53.940530349833736
60.310738104974334
51.85309694475299
64.85430896132684
59.94143805569094
70.04473793115064
48.88347243365986
58.47414002981085
72.21299130492358
53.5955538548435
60.67771201842603
55.18951995182786
55.95490261516453
68.93737750940254
58.3142606513896
60.39959301761519
68.00054660851944
44.102724585545985
63.77569251255042
68.22981009554418
60.28483875746957
70.78232185035978
66.62663629545526
59.1603418466232
61.984514328590194
62.44112318212143
58.74551355763436
60.30855525138084
59.33924749061449
61.58442883322067
80.92394593800147
57.3135422536437
65.66430882235508
57.63390328411861
56.50514938788477
72.60713793488574
64.78044257707292
52.130815706747995
60.35673195295626
63.464098635334985
67.25452118520619
61.74300263410822
57.79970998981521
66.44693305304627
62.29785563692578
60.466131376942954
58.01415294019858
58.86527510905948
62.877778809300594
66.7560217633892
58.32281776552008
53.96654840206793
62.30164018733217
64.72158664633433
68.0066389660541
59.0101578945753
59.08394693161871
53.45698522537401
57.18694586523691
69.29919058786011
44.46061105414793
56.90129520098954
52.90381499128833
58.59103207416885
57.692257878483886
75.77949460827638
53.341673224265335
76.52855298408487
60.14924857157163
42.27718376990237
58.957580497338256
53.744894885462394
70.53254933254344
66.35541635018873
58.42888650656876
70.49697286572754
62.739786398347654
63.0207196150567
66.04262682851393
46.82799927394526
75.14742372453928
69.44429067358412
59.06045951990565
59.04632172231323
57.86021620713179
64.21971581335411
69.65168153236624
51.13100208460099
62.16998072336342
61.24676854809592
61.9886859424166
64.76991755425395
54.41307741977335
65.947303945539
62.97036071009591
57.602990913003076
46.71233639795944
58.97507957862496
57.4644558111028
53.30662612495621
62.52907268829
45.74552623508139
67.05517109359992
64.60695850767654
51.67371964401223
70.54072152806225
46.770636564617824
70.77712844357
60.836879324908864
62.32632545864064
58.46422686932454
64.93412978256329
56.93618889224591
75.27193890218294
66.72799488887289
64.1007868383136
66.42018945120594
58.44825553934176
63.79885301879308
54.09801852221424
