2.303199610262631
3.8923515767726333
1.4106148661804312
4.046724802642446
4.391969930655374
3.1267131369440144
3.4240412192749536
0.45516971345185825
1.5128162722398844
5.775599168257038
3.036740300800974
1.3892226045655305
3.2826580376286483
1.4819985590803517
4.227046720166639
2.8108125210973665
2.378237629780254
2.457413878658249
3.512046779747024
1.1239396513642734
4.281659615039031
2.3814060564133332
2.0217344335750567
7.577527048786191
4.193450181408146
1.4042930613939433
3.2852302015533414
2.850875001227098
2.8125527724107227
4.845002308856655
2.205938820089214
1.7935178909480136
4.835605233447169
5.069927506299527
2.6302954452659657
3.3799635530944934
0.9351160029058062
1.502141116326591
3.1530385234948515
0.5108158888362733
1.7605399369313803
5.889841966987974
2.8384367242618413
2.3137853918602374
1.6218411581008079
3.357406088755479
3.521795206720868
1.3568245293173677
9.832679546833923
3.379219754829169
0.6944559069299876
1.8126190090732754
3.097022606294859
4.137187260827767
4.8602180891324585
3.211173803654159
4.508044044286025
4.227089977286099
3.82667173851781
2.429955031093417
4.861533878142957
1.6086599736677898
3.191097000233773
5.17807189993542
3.819142487342513
4.348017348439816
3.0298773599242503
3.0233459929155106
1.9576415578676039
2.334050718038101
1.4372349992775812
2.9550794244189333
3.362143127508269
1.7696403204511946
1.1452236186606743
3.5393031220276328
2.4049225128420986
3.6282589187434846
3.9760678142095363
3.2465070455430696
3.1158296629247486
1.4900577977779506
0.9865820163259742
1.677778300213129
4.913270037038796
5.86667762300571
1.2399366159288765
2.627973198131497
2.7886564515001355
1.8919790825283354
1.0006175269979254
6.4207129673241194
2.069739701875517
10.11832778232634
5.934075708499905
4.794457839781794
3.37553852487138
3.778101080423176
0.7402147714283004
3.183226615463118
2.4111564311988474
5.007164383628513
1.7113200720769082
6.29058572439782
0.9254805276122833
1.983783484980065
5.812278634292168
1.7947183447351558
3.0390475878881853
1.5087048496581306
3.1074393545283776
3.7967103430688263
2.663089257741763
2.6555245193981634
3.9217252931728215
1.103597241743582
0.8008883123506658
6.572948716585433
1.797081094165617
2.6193940234702584
3.2302781777743235
1.5052612387176532
1.1209541431261636
4.722068914533959
1.8755071787522346
3.65641575219567
4.589563719061018
7.173730063898965
1.1254384513093956
2.9416975769674147
1.0934768689916776
1.8109151772688146
1.4619368761960394
1.0663252483667152
1.9919516490372378
4.122492684870327
6.78526436291142
8.771702268399928
0.7681700834088445
1.4021399125549756
1.4673841763921234
4.370598787516624
1.59006054232607
3.6207783809894947
5.534225807745674
3.3195425592718903
2.356114044075857
3.227162723350677
3.6567297402514516
1.0465762697165384
4.397032951534553
4.028419690571362
1.3653684326814912
2.112593772610357
3.975715691418243
2.2918460954250035
2.9385240558069903
3.863540089397926
2.8626872781033637
1.7053484818654117
0.8527323283421235
2.141883296071402
3.2647317583604156
1.3561911162524494
1.4273272357923839
2.308190390979138
4.1665703486331935
1.474541359031524
1.5547004662255297
7.239004401076469
1.9908572206929112
3.3618514531878856
2.0850341309025495
7.40034829220701
2.604479862573861
2.8555260431765253
4.055942263483576
5.291851282672402
3.061089973089505
4.152936048981687
2.5129227626711934
4.109271781068067
0.7185997366228462
1.987594581705576
2.3728683482788777
4.424982114449819
2.913367220280302
0.538123702006322
1.8262510521524797
3.8105805452633392
1.774486694668565
2.0729378308487987
3.319749849762399
1.026298327523527
3.4994817976890493
2.1960710435915383
1.1645482948533339
5.665176895332436
3.6848030090441233
2.391298651922775
9.442812672087507
1.2792679817421773
0.47669785558594135
2.476373606381162
1.4270812602570686
3.5079221988454723
4.663004105166358
2.1354841866490117
2.2405062042518322
3.472781129995927
3.9939307677173232
4.774875471835216
2.891034756480899
2.6834443222557356
2.4509488324948983
4.3725358742779115
1.712583956479806
2.184559212330777
2.371457719274132
9.349226408169283
1.5675346882770198
3.7753350847689813
2.1452720942323933
2.568564863646125
4.363945663924882
3.337907748757078
3.6144821475037707
1.451960527234713
4.235920583161967
1.1379365238539458
5.083586396346327
2.2514640225101044
1.800905595488786
1.826704721458146
4.84678852528891
0.8004215861239126
4.741304174331851
6.7669544774956165
3.272324798195806
1.134615428735187
1.2054561036705878
2.152166782503249
1.3184761722055915
2.564242342940322
1.209653004424399
2.6975162952660385
2.645617512573029
4.09776703734628
3.090401521651426
3.152586650119265
0.8101348920269609
4.5587637730383275
2.7224621046693933
7.514876332517504
2.4014126351533704
3.969622312891154
1.5371427857190083
5.533306697478446
2.4703411690250574
1.8906922741600773
1.1614334249201153
2.888937236954198
0.7383558356323611
8.631384427304978
2.002054971864111
2.933525947762569
1.0864935174150354
3.528148081464512
3.6987848560358794
1.1419757500238248
2.5095876167418143
0.7264430890149779
0.5818945503921267
3.4445577950110353
4.0698515741373225
1.3293069027482367
4.408248358725745
2.0672313541705165
1.0645739494211766
1.64591329693742
7.268854597470707
3.8192752050235095
3.0223244047291598
2.8401198994842343
3.3798920036862308
4.189934266219623
2.2686202275312253
4.254444058158205
2.697445395188236
6.674772471099605
2.4795273630645682
1.5051339664399652
3.5147388214123207
3.605601314562677
3.3687378409007325
8.374302245884264
1.6786128913446965
2.6639443027509397
7.059626524268624
0.9601863431743132
3.720780511964908
0.6999699901080259
2.231217869379186
1.7854343262599515
2.6344536611212166
3.470261614786765
4.758316309948679
5.769611854821812
4.287299102624123
2.251312506900357
2.785003137793173
2.277715130957665
5.530729423671978
2.388535155796561
2.327007957017925
1.281616885783015
3.6025097943579376
1.920218421017137
2.061947244844473
3.1952593201374357
2.6273812163189483
9.556637415010243
2.4486340508953353
0.9168480965752253
3.3742405754149747
1.3515553226745496
2.604721854637692
1.3266740638113776
2.5689783489569527
2.263456338433559
1.5224182161521624
3.638878835376821
1.8773184427417038
4.505612120647042
4.440606048405814
2.3856624338131747
4.586203572245134
0.7060200499743502
5.902260867908325
5.342222607206645
0.9890166265203294
1.4253323347617348
2.699480732443085
1.8341298552974943
0.9970081257442958
3.9137965426773933
3.7779442377938937
4.072576577979855
3.088084469169144
1.7586722150633203
3.082462091594553
3.919373535461772
5.255789192615257
1.4761183049338307
3.294561022163008
2.1915497591001833
2.6462553277434977
7.084453813767164
4.233318659664507
3.415703320834532
3.458882555325907
3.353886675936832
4.650277810117437
5.293301798686352
3.562730348651182
2.5182607858824193
0.4997326358159788
1.25530388116223
2.1723487252694182
3.869369621083246
3.5570798228970752
1.3371855052163832
4.612332850462403
5.098376028138148
2.1883056802603402
2.1246815171926343
0.9854622908909989
2.8650530690033094
2.064847281788162
3.766274589393092
2.9536909459096607
1.591680778052428
4.177155383601668
2.4308404561183092
3.2991224963360093
2.0069837120388354
2.955879240629544
3.293199080194513
1.022649218190641
1.8523366425851906
3.3554388146913974
5.975666139999761
4.123806109225068
1.3461851913498069
5.030293477908532
2.1759944792654835
2.7200218331624395
2.9321175322984825
2.785164036900604
4.186415735300068
1.257986807482446
1.016954410623989
0.15137446678805241
2.6336895190601557
3.143714831845261
1.8329249034088133
5.163656044844097
2.81857949514979
0.5228764678964396
2.284698898737817
2.8553625095139705
1.7981820251587204
1.9846065355566433
3.4859457947495356
2.0877186496885844
4.421144882289948
2.0264956255218114
2.6340441431076638
3.982514483033763
1.2759749561191565
0.6173260401999435
1.7689139229946833
8.658852702034302
4.010119642308704
3.5452530732325873
3.7545882353092974
2.5930994845869857
7.422737563186571
3.6553601130663678
1.752981062569025
1.791558662472121
4.348478839696626
1.0785540728934409
1.8051258542743103
6.946401973514407
8.513495638699624
2.356901132833911
2.95164904821885
3.0279848799360303
3.82685224382438
4.281738114942002
1.7407945641381963
2.2327786718665275
4.835512898188817
5.784048225995989
2.6727798468015784
5.2951149093719385
6.7427950058648465
2.1133216414798857
2.8623786964849005
5.834915559970073
1.20679739550813
3.479597710160781
4.20490795543707
2.88359933877255
2.387645041556535
2.943847520333657
1.6436659396037707
2.3899523414808654
3.518374674295329
5.763534046713588
6.482749002359597
3.2639199905050313
1.0536448229002011
6.403468077016229
5.165460925957235
3.0606377028376444
3.337187642661106
2.5232305438395373
8.066043454573567
2.1530327340807616
3.0089678553386627
2.839173655111117
1.5693956721077735
2.60299348428785
4.260767818769194
1.200965362520255
1.7827032351235905
2.459554170494387
2.3792187247967207
4.230347360405
2.6429994433236605
7.538652314813788
5.963498895328279
1.9225652717759296
5.009554972273708
5.884521319466016
1.7341166440265932
1.346574938495441
3.4083139211306617
2.7901128281630294
