29.108975362882568
34.60954128435789
41.28541684132919
27.882842249132285
39.08215800293578
31.014715622133604
31.247331197329622
37.93682616943591
42.611222807049856
24.453391602790386
37.09779203174143
42.64368219583462
35.03375510488323
31.600945088408047
37.124392320646905
29.303053371596633
33.037807193811375
33.40223208232003
41.551619820929254
33.26445860392202
31.043276001102523
33.50615034026296
25.113708075009786
29.284330147907674
33.01639076676646
32.42143833773716
34.08468975652986
30.662969860673932
33.562361601145064
36.17010066692911
34.91614223466415
42.5907082588855
46.31537004746112
33.9688521786388
32.41463625531579
34.5448432413581
27.750851946908778
45.02649682702987
34.462161161214866
27.09760802450716
39.27494377302389
39.347239238681176
44.978738772322565
35.56504208116603
36.17751416427093
45.643661759198295
35.492453009765185
28.289072241566053
47.54037455786457
34.71294983329678
28.832399044253396
42.84351239579881
49.14693438743948
34.03565063640641
43.73735211020615
39.500719963286635
35.488121925852596
38.35890449751255
43.64051027878241
30.198847586826815
28.07636038298969
26.74617067251978
37.35858053912061
29.402556691708675
38.24344228813772
29.751812131587695
35.617611201891705
34.5966040552617
28.530718220505765
39.990282897951516
35.92157804777704
39.12346053595338
28.738265601386185
34.89040805890063
36.83258616459577
31.176370179903152
42.551320415858086
37.81030352376647
32.721884087360046
32.693924618995176
39.14399908840914
37.588853004047174
39.74603707553579
36.08470126526931
31.192493082094327
33.72294991389005
47.75837515886387
29.883446357122057
28.81423689623652
32.80270352366437
43.442281024917044
35.240257162201544
38.98073227644807
32.414665708779346
35.43884656111661
34.854478566898614
39.835904392093354
39.60830820284362
43.80018139607919
33.31168229518891
31.03889807891266
40.27342326191942
40.26612442398169
33.567000914785524
33.9463854709182
36.208903703013554
27.9094156111645
36.25507971202225
44.385406704937395
36.017799206318955
44.310889569975096
35.2351186679389
28.019808617987984
43.827463803768765
34.034514909763175
35.110289102596234
32.71054963229104
37.743951287043146
37.42992450708396
33.76937684176748
23.40461353932377
33.58511022207739
31.506123632912967
41.689388907918776
33.9944094476395
34.21748706138193
32.35270332911177
35.897183970651156
32.62240539283971
26.318651339237245
39.66638497503685
32.55344378802195
31.188281875465318
25.41340858225551
31.019803802941833
30.830433054648804
31.67015211095468
41.70657273235223
27.25445273380269
26.658842976762163
33.63089844787948
37.82822371779024
24.042590370372178
31.38042012882306
45.93930985956236
29.985717351447956
28.162682865308856
35.567590980770206
39.05666914306335
34.971703923423256
37.351593783706605
39.22893758896044
32.515498080186774
38.95508115360973
34.412974341166795
31.00573793823883
37.08280929980063
27.91606379575006
38.90133056237195
34.819288083904354
30.575313350239817
35.800171167428076
43.11771494343508
27.100035444895113
26.49353410420695
34.76551621493077
27.754174626172173
33.74219055370773
41.07069174474899
45.690465540771605
41.89738440103678
33.74057565774233
33.02146767418751
36.58873104108413
30.419591243729126
38.5916577560023
40.855447515443075
34.342918848598885
42.588741945452746
39.52792483082734
29.022168636799282
41.75234833445602
37.04589959849835
33.108487003856744
33.380738348829915
37.01784838975672
38.21031842833245
24.623264950199946
38.725225689842496
45.75176694652761
44.594829675956
38.98209801326515
28.754526222092927
30.975889195037222
37.493248332551865
32.1281853644427
37.244210627911045
29.814299896048194
31.317237644580853
27.53908078399215
31.276883448633356
28.304877778874452
34.12702110415094
33.04059156664921
30.414692999607443
21.34821996644199
42.194852271816124
40.03666811062785
24.936548030413515
42.39925052495342
33.3768749707221
31.487979511354464
26.591926097811793
35.78498258700394
43.10525036652588
28.94528343293554
29.656390601217325
36.392901980160715
28.567989881210128
28.325937149178372
31.41310437134956
41.28853423451826
33.124197417124066
30.745301531860097
35.875786732433596
33.20337686188303
27.521952982024782
23.78383538954974
32.11064699545635
28.201459849616555
26.77498236384881
38.30510305610302
33.63459425743893
38.40961448904988
36.966638528724985
42.968159517546326
41.35042198536841
41.45954466237639
31.97463296648434
37.349024760241
30.9508664600924
30.807910026429038
37.48771458457133
40.050096170260744
44.35707143010169
28.640525622019066
32.21319660528655
38.96490263853805
25.974903351638073
35.31147695744905
36.17757028974582
32.5985224471875
32.9926598500999
36.706852645863236
36.31067005234652
41.44145526430408
29.565487597573416
35.8199815325368
43.42773689212052
36.84954309615481
27.308145691274127
32.53595570942384
40.69508422627113
35.67646681376328
36.849482099958486
29.525536674041444
41.61112112078933
33.791508697394825
30.22088238924297
35.516971213056955
35.90795301556871
36.8093055327886
36.00765788349582
29.909254956158968
54.97829780885431
38.05322382415388
21.28523885647448
27.841227465298616
26.06325982253524
39.80448071980912
36.3687293665259
36.193107856120264
40.32581516290079
35.397394808854706
42.75509054804499
40.80965519092717
33.77258787944834
32.688394377157415
29.11669533643624
30.700720309235162
41.30706186261673
41.57222826719365
29.79797267542521
34.93849575714794
30.237186324662552
40.48407412080047
32.758712884725036
31.513456101063277
38.584842822022274
38.976308495348256
29.494492724856414
30.95691934467956
26.999946289330804
37.00169366066031
29.399643514192373
30.386933209498853
28.081336971350144
30.64900853973797
40.51247630587005
33.996309899442835
35.27946240083679
43.39024750031491
29.53163840886644
50.57523884321799
36.24271099634927
36.78296115076484
38.76626377450328
31.2643616562991
29.489115133873803
38.25568652219148
32.92721864012235
33.502604323242444
38.57756214547111
29.315135194105444
34.5261262379572
37.2541145426614
25.021573945161908
36.65942592026401
32.97615841836077
36.07581399325344
38.45626804155226
28.50688751569231
40.23604321633447
36.944759484678364
41.89608606806549
30.285883119103477
35.220007826254886
37.23284848283027
39.34482748074891
34.65280732364062
34.14325676721517
20.140002723139492
28.341850348064824
34.4782558138131
25.474277752386875
35.47624666051853
48.519542484387394
40.932294179519836
34.5998503670364
27.870620322834682
25.981231410035814
40.963324590467316
33.84783329114201
23.804872826636352
41.63956872710754
39.27400031213661
33.92627063635243
32.49279435302928
24.02783620048909
37.992294465288644
29.309173031643258
42.375679096335475
36.173185801399136
38.38961427811945
46.05989913671499
45.40425283368881
37.92510793254856
33.12966850117066
31.89007261554349
28.52833596438724
32.24458349285094
29.84329785983951
26.504268566620308
30.523365702220172
28.668805343137986
26.50394342498569
39.49538715377486
44.86440321958628
31.47216999930391
34.36555025128766
38.189404487888865
27.489795087453604
34.38638288760449
47.841457783739365
28.06129308922125
37.88763375451648
25.575628717937605
43.16342748916387
38.79462643361066
36.127207463149624
43.25038446832608
31.445532937051926
26.35297682440677
27.058373655454965
38.82677201034921
27.224984573565642
27.53460534915351
33.604961930062345
35.245944738556695
29.034097963888925
32.09336540123649
43.53782442258594
40.69919677378211
31.12785407032332
44.94762401318473
39.92448103102408
40.64436607568841
35.06912835821481
44.62474311843246
35.066489138677305
30.161916642120733
36.28725949348548
33.31769536249336
33.70926643910714
32.89857537643308
36.41495734403907
39.38033922846506
33.36835531872088
24.294450038515464
32.13596791709036
31.07651958712541
36.30251299719537
32.47523374387099
30.66534674025576
35.45622849354281
30.828987305754545
36.18479389895555
39.24874169553548
38.609574341749635
27.461603108464857
33.94815832099449
39.01225421788122
49.03059654686911
39.10731329325844
24.30237812659449
34.57895946595612
34.15857377306152
46.362054285911
24.542620848386722
39.92149501152234
36.188337716538705
29.14572583449633
38.512263729211924
38.40995816287317
34.68069776393394
33.63212023094821
34.26994064655789
44.00984776993659
32.63584361472713
43.234635187247896
34.39303404797772
36.89653269569612
40.61054103190998
39.394988424255274
25.75285402163663
34.90415928947838
39.820050173949504
32.93795915759954
33.39888740284089
32.789367942446084
27.809609719167657
26.4577136463923
31.86968690294652
26.201782443024612
25.798553156143406
25.75547190259833
40.40859596515663
38.69755888354367
44.015799310139386
29.28035853775258
36.25729582699902
33.36888602354389
36.0791528311757
40.72289812883106
47.082552663309535
28.174562147476657
34.8858473377173
26.451765809314463
44.15270000443706
45.8425942143745
44.981085149874964
32.89383614013447
44.06814534353616
33.05528801630936
32.878749311267455
27.807233296361627
30.53339715155716
33.484759638513154
38.3682929270597
43.18173303153488
31.709912358051287
35.5379934621409
29.324968938720723
29.254104223556133
33.853987575460636
35.127145813111134
34.258202989732766
29.218138038538633
40.84755120503096
23.33635667609341
31.41368828671421
42.92326651999686
32.48824329568563
26.712916616090226
37.75144819764897
37.223742597853686
43.18594223784877
29.765046500546834
47.43382848169643
24.801191733623508
30.071196552312113
25.578746984160535
31.505933537067325
37.54390419363078
39.55952878577246
34.75008272876017
37.105517932875884
32.06364066620316
37.3043860810953
51.31042728758108
44.924875315198115
31.536341623214266
35.6014132512245
32.187974750164514
41.14712767942539
31.29676987991956
39.63670390577639
34.5441380028244
26.741059586823486
35.13295167580619
35.34720560619483
37.66940181167718
35.20126348609911
35.43323517799272
38.81115015469248
35.840065237958186
34.73762462976485
31.129476876014916
31.14778576846441
34.402507200072456
34.6467341511535
35.546043789150374
32.416649810424296
29.22014508843011
29.297281507961113
29.18241551570826
42.35108148864986
39.13027534407877
31.216240900785458
41.391258943294716
40.25365453101733
34.9699129481016
29.751284108538684
34.80193575100291
40.323403090517395
28.411696652883297
47.64397466524184
25.248634299547426
37.074677249428134
26.197802572918146
24.436214343989107
45.60392200528566
34.040879175296986
30.77940359391484
39.04687548874052
37.049450672716155
31.044084257626285
36.42058836915834
34.659392388402765
38.82618849809262
34.084197644238245
32.18508076094528
30.858011641231457
43.842871453615636
30.5726690550608
34.52727911456042
31.223331507781285
34.442449408241124
36.763729957180026
36.29601379897339
36.47677798707659
34.86549883683929
27.80956364657712
29.59944849247434
36.66909813866721
27.469736952765768
27.72462849058858
31.9658527899702
38.413909155183696
33.83161811492566
37.571202367149915
30.94253402597886
42.63108623979115
34.762227093740044
33.52423049107364
39.784614437787205
32.943456649839796
28.347093097969907
32.94228858917864
29.293931374695546
32.678855322498706
29.054046219719172
28.529733438037365
42.72422931620031
22.446255609556534
39.81456761172132
35.04879705578585
31.257618507626297
26.328828848462173
33.21566714595402
30.523576386687537
44.6889537444796
25.517839508862803
39.66726199057073
29.863951099537815
50.36145116676834
50.395620798128085
25.984050621888752
36.51820015592987
38.474072629253854
33.762761377328296
35.35913163067541
37.36894149543514
34.06199415642307
32.13879224208936
36.6190263018177
25.38105883375074
42.40125161151613
33.22330909598266
32.83144516599756
27.912505659835293
30.159264506947984
31.26364724326731
26.80186202856808
33.35241628072448
41.73359820311844
34.68405308359942
31.325486247848907
50.05205236732363
37.576781668793565
38.099787639116975
28.36287106804039
31.980234057591883
39.18322535605282
45.54319970085815
40.74206157338884
36.26873870739905
32.18288746803784
31.162714008264103
29.95299834114538
30.85137876602313
40.656719970996534
25.669989438797327
26.665705581552036
31.982353022912868
31.51661605639705
31.101776935775117
39.47639443425192
32.08092774610909
32.626005111219484
29.691658154714524
30.63793220777999
30.870251202162674
47.95275159771413
33.97311431497802
42.2346913123374
30.30768246075216
25.732494155781918
28.17175947710254
47.16267698863012
35.16496179825732
30.21131855983218
27.421225647737582
29.6156527224434
32.24064893393412
39.507440860630204
46.33783206820392
43.13951198310647
55.649008828430844
41.18926761884715
52.62934348865812
33.66560958366752
29.66747310515089
36.639172606545685
26.61854691094215
34.60245394488601
28.228579370926752
49.66359933836345
30.257378513122227
34.18459791226948
32.626043811999196
31.6013992066999
30.495109121665998
37.23068942550069
31.550161655120988
28.85158054424474
28.426133027715338
33.655971975057284
32.60694567068864
40.04528919613738
39.58124571526976
22.392497748811863
28.32156052947407
30.459955984694616
35.59107701273855
48.72191828165257
41.076811345838074
35.35031866729363
29.693101022185036
31.610799382696285
28.87642518308375
46.470899866673065
33.42709321746627
39.838726841670734
34.306429539970495
40.01025261646329
34.82960689269749
37.399833012859986
40.13368249448738
30.738386510002368
32.33407402203922
23.404181707339553
37.34577593576794
31.441051820286724
31.55633824258875
34.35159633712001
36.02381948373112
36.284686252200586
37.08386454475176
45.24189526583274
50.98186199671299
35.05220689987893
37.24890090213226
36.56873747268942
33.65717096239267
40.697942310601036
34.426382218384106
29.309708337795723
30.504884248109587
37.089081530483014
38.55910901306644
31.068852928408997
38.10458175451536
33.24063977595458
41.88766026375331
34.19786459633123
33.38471050527159
40.192149475080164
24.545278543369193
36.978823869859305
28.885240485485024
57.04973770133549
35.93778247094982
37.138868011276
37.63642983735529
28.330368411378384
29.2485497557889
42.81226220367651
25.974390880424988
33.35316991863107
37.68052915431422
34.99766126947433
31.441805171607985
30.015512384081187
27.90069864960986
27.468443785633262
36.56694071657648
40.14753571135412
34.4245630873281
28.34738063567777
39.52319605393606
29.33537868516097
25.10506994186533
33.46548766787186
47.67470357362607
33.947453516580744
36.015956356727614
34.02449966361144
26.842811436288578
38.42482394139859
33.6410506357199
43.616647181693864
42.11099334129864
36.29753054279355
41.408184023370154
32.94334975673597
22.670673802836795
35.253694752989254
40.569515761301574
31.871322159442542
36.31544526358034
29.246090081922116
26.16654779044244
30.826961740548565
35.26007141707511
38.10313750672469
40.48921761044588
27.19458740998837
33.29475413495009
29.191435085483725
50.7878996628261
38.25276528094444
33.45791888985297
24.931101492580968
41.84208716631678
28.619269280472135
30.47405920112616
45.02564411933461
37.61184902146969
35.906474624231606
31.308120499450425
44.87976239108797
26.872392691150683
30.715660042972456
39.54968358783338
29.8627519191386
34.152226138022776
35.3141088741103
44.872523946975505
29.182795919767702
37.1801322546856
37.081802294439626
35.58716454455908
36.572377359982596
29.599652251774366
38.9739298279921
34.67482419745025
40.25582372811977
34.78430932072613
31.63009956373106
42.216690134901306
40.34146244687338
33.36954868863263
30.330909772582483
37.8623911808579
26.713627768744452
30.44954186857738
28.113971248104733
46.69989874950206
29.752069841232426
37.732661311053725
28.081181412522774
40.84468198471498
24.34016691526299
28.424279588103204
25.777828270201542
36.72024344600583
30.067499530368927
38.262822922162194
28.62773428572137
43.26368975247484
26.630793130579207
40.926022262305224
39.317753815575834
31.03068617944445
27.740038262332863
36.03590713467924
32.1535279747373
46.0858283142117
29.891732837939188
34.54184427046218
37.73409348843029
28.37837699056444
26.980064725407402
37.72396608630203
32.105624100815824
35.85738946672166
39.76003389058702
33.48064771765097
42.734202197671706
36.89677626915631
32.79653173844444
29.571517721279104
36.42882616327298
34.34824001967305
30.305665317497397
42.34359830202021
45.477021833258604
28.379082214984987
32.85994488822303
33.840079667806194
17.705873891265952
39.427916216530626
36.95742907773995
35.05087338046245
32.38498941200351
35.31166644339724
29.11030929448181
40.351773713701846
33.10004907249105
37.22237327094953
43.312922791944885
30.81004490206991
28.256721013969994
41.657602265691715
38.28373833355296
37.218276904401904
35.5263623299904
33.49677834977651
28.239237800978255
39.964366691373264
37.35810745109268
28.734468397769465
33.51417562874021
36.02477641356694
35.37829456646436
38.58129515397703
45.0170353122224
37.66946973477326
46.69774110437429
34.63702820300404
34.59259917778464
35.97171971380142
39.91681328035611
34.1101838219181
36.09285347496136
25.641326157622647
32.90512991899282
31.129272197441296
29.4027855378331
43.749772395179946
27.217078289144037
29.158871964156617
40.66599252280648
42.31244176679117
35.72048400327119
23.098923766297947
33.23848634375278
31.726322381659365
38.11040774395303
36.5268853007292
39.30311858416644
44.20246110236268
40.046394481632795
32.60402418082028
32.6794289598354
27.76552647602588
34.94572281161489
33.827706176760536
46.01378213704257
45.937619512681536
31.8574711510558
40.671218849781795
34.40267673091532
26.014922900610102
32.9709564053752
36.35022446952191
41.18227529057843
30.082994081060598
35.31559414180384
21.81911692583427
34.126509635380586
38.40831447359133
46.091706368939654
37.38137048123008
26.06475897187337
24.14173396793121
22.49344833125073
37.3911044159937
38.46969275625777
44.00484371728451
38.67118718714215
44.160058031696806
44.369573609248505
38.38195585795459
30.426469190281104
36.05181530944777
31.86370586676693
34.27874600213684
24.680706039128218
31.806819027505817
36.53967682444524
45.139711220622594
18.8079632038524
27.733410451791254
30.762743640095646
37.37595545877417
34.86561214733939
35.51512871293118
37.557788234656655
27.674913588970288
36.86478894897218
29.274005583887813
31.062373629704936
33.482074848150496
30.005238475158823
41.49117196674359
37.40523739753588
29.31088363596829
38.262976377229315
25.729578823993688
42.02613160315978
25.962066414043395
35.09771857426058
31.863712819453504
42.53566468426213
33.105152995305225
36.17980226767594
42.571267413657566
31.691591915284654
45.14712543880431
34.662609510162056
36.89637751334557
51.79402657858902
26.766015107294535
37.729055289693385
30.17658947365091
24.579851575007943
37.8907956093063
35.665034251265894
30.122930924217165
38.295120686096375
49.626004198376165
32.60697851342787
30.498890297650487
45.23272116084081
31.97949247579458
39.122280559357705
38.787906025131875
35.49773117653183
41.91529945316996
35.666832056465196
35.916715398217065
29.567565118923053
33.94678777435014
30.115255664815578
55.270757991527624
33.639775555319545
35.11037509548842
29.707645965423303
30.30899955613412
36.153033143437256
33.597831249428154
32.0921438934419
43.72895765410015
42.13472824671084
30.631754669734583
37.08436342628399
34.473631371036255
33.32158488790908
42.320446198847264
38.285563174359595
33.04784762232538
37.73355853252541
31.713956086145416
31.85717369561923
50.80657849410397
38.375032382763536
36.31736310811626
23.546768912478775
31.397359906999167
34.879540729590076
45.760047436863836
43.41769198317862
39.421274437788746
51.72084155039685
42.647843026184596
42.49546588679849
42.03604530006604
23.67218453562745
21.42422481528578
36.222494229322734
40.74818293896361
29.46339633422513
32.80568580398275
32.122484235574184
36.39693542232768
36.40781508646558
29.312602263267642
30.279766949510194
34.36301737198585
37.88023336531098
25.003544092196794
35.069905515933016
44.597871313875196
31.96753328735987
26.707153566956077
30.721548627734986
35.742159754846384
41.32349560760522
41.09767348746803
35.653569880932714
31.526938606497975
43.15493852695666
29.53939177103458
32.99842732537485
32.61695267068017
34.098146765471014
30.05179322714884
44.72887185012624
36.343280989442235
33.208841835407156
34.247301820381395
30.92358857091025
32.90173903157515
22.191443272453213
43.09708703475168
28.41574794358594
40.71132540045155
28.08329335017066
36.91182811214195
45.90490029027869
41.11486991726138
