1.4003421050342555
4.512965021411221
1.5144578014767962
4.4542160979832905
1.2112810162993164
1.8859295628384605
8.168257869423387
2.189560791894756
5.724299157366847
3.71766551255641
2.754413363524753
3.2502782068441176
1.924305330467829
3.549898644955045
0.5742462385226905
3.312452421040423
1.5490759339930675
2.364681456022155
1.0186228977090825
9.4215435780831
7.10203404432686
2.5652927174219085
2.4494485963202313
3.5169186306973073
4.808629097117156
1.162834985189493
0.48230058021965855
4.215758842856302
3.175474664103986
0.37204338168557016
3.5039412864954813
0.7651559787170151
2.3980939986133065
3.3413634074403995
1.2401305896220562
1.4944759388874989
2.4153621824383906
4.1192524424931705
3.2617159601505197
3.914071308422669
5.783412449983321
2.1317630094115225
3.728902891197612
3.9258599944734565
5.613060992274439
4.354646884216439
1.202638726650523
1.2273338447087796
7.050472656560261
1.1585583740066956
1.9755962445925528
2.0072096072556365
2.1618298842421697
1.3834275310608597
6.279969241570556
3.0765378701261072
5.597042697643433
2.850450802561357
4.340105130767777
2.078706609000558
3.1630002453077886
1.501543180423191
9.616338537030288
1.2409294468236105
2.3051451323995966
4.788890954246667
2.3682549286004324
3.2532305526798257
2.863745855922261
5.248993567212429
0.8693514767928355
2.3362739369268657
2.9235919271687743
4.132571603108722
3.6385359608075216
3.7709707270191104
1.8043659138445372
2.960456315496729
2.332087308526278
3.57691775838913
3.3863638464202808
3.7255078043205963
5.982387674762049
2.703740325990613
3.950898795466893
1.0895146429544038
1.8349404668368399
4.779809316353208
1.8748079258405828
2.970953357313875
3.040388082463532
6.597355553032771
2.30721126832307
1.8475365091974931
4.762286465339974
2.4892833399064376
2.979307882313491
2.853187185551168
0.8755841689692538
4.589368589368483
1.5763526654328817
1.2175958304264827
3.889220224180035
7.173093087038052
2.5208381780774545
2.8937456674629622
3.236645203247081
1.3270911559641771
0.42604954894556035
0.7448821444531144
1.1724414721421308
1.5988605963840419
3.1259076095953917
1.9511331268431278
1.5666823005537687
1.8145642315910167
0.6851894968102467
1.592934088953861
5.119040198525038
2.5183699735314455
3.737210090912113
2.1120487669724053
1.4562373354140257
1.5658916792978952
1.9059472313389185
1.706692312258782
1.1438278257538719
2.1332746150066226
3.5512346259476955
5.040815691400637
0.6936758096828878
6.245472981215933
2.401208089763008
1.97319566012724
4.081761031003391
1.670371441918999
4.170766240850597
1.7315941107077748
