1.9210878750058324
0.24330592755932445
2.2811986137483626
0.7638480667136128
3.4388897540642263
1.1715369117180336
6.38441602504608
0.5382444031474547
3.7016699830576063
4.366329312273242
3.32800333769781
1.461469056579646
3.2625618900548283
4.385023710837173
3.038093479924252
3.5942202828108805
6.71147199504414
2.47575224237007
0.5756151526400051
2.50268987990413
3.2487007890996193
4.3091228435874465
0.6418558881217942
4.029402605493011
2.4760631559424384
2.0453206746645227
1.782082936597094
4.006057747833639
1.4424024371661193
2.847319561141472
2.264602870361462
2.690193816473979
2.931843636680142
4.247189385059083
1.6585541853801922
4.08677106577708
4.172650501775047
1.0630191170514398
4.4511704886174135
2.625741206273158
4.649335946221349
1.57556914542728
3.9870088265378145
4.898543492585731
0.5517037472094014
1.3988040942281545
2.0864309077510703
2.0414502336791447
0.9963970923849836
2.7023137500818035
2.4272771965607274
6.983057633002784
3.531936646165705
3.4476161547776063
3.1914936878353037
2.711616576836783
1.0263343721571974
6.374783267509528
3.3585216864750818
5.182505836174718
0.11387346677310596
4.517899536842016
2.249740521337174
5.935185494939949
4.461374235332327
1.7336833998790522
2.5678572190514517
5.241224715331448
8.029458023308454
9.61279345398854
2.1352739580037325
5.596036981868264
5.372407821657047
3.4643689954023857
5.549601153870254
1.2496101811097917
4.640863941489327
1.755390116650528
2.691021034314551
1.5453695410946189
1.8297619560856244
1.0628503862434617
5.452602414304124
3.9875443835951083
4.921461108036804
0.8223688553963169
1.958378289534744
3.9013096674184906
2.170412401919811
3.6645432079661715
2.7008157175789727
5.894708038083459
3.0248333829142577
2.9680074827731433
2.77757362622235
0.895559736158589
2.554297919116244
3.7419657749929858
1.369094567143253
1.7506127549321733
1.4298427037758654
1.803504453377925
0.618931727486365
1.511071521634514
6.661203012025313
1.756036909182992
1.0279351935023717
2.5543124579117262
4.117562351331515
8.865957870628261
3.008047035373477
2.865141684427924
2.0218389164677304
4.272360236921355
1.1493288305492342
2.358188826726966
2.407253580378841
1.7128313536602175
