68.30033195920859
66.78292450865885
48.23246587275281
61.371916011127944
59.602050284486616
56.031721498074724
51.300207504951686
67.76833080144122
52.50681316078418
59.891142156179
70.11254777561753
52.58163179261526
59.7543009789973
55.804624118782364
56.332614669591976
46.30658708358865
49.35896754881133
61.5023663239083
50.234673801704176
57.696508354973275
67.4214373042718
73.34370264350612
65.15606057754654
55.773926781032706
55.61912243831116
53.322807760651294
69.0968469252532
61.33215299511131
39.16934986037921
61.96603076645792
66.09513013913069
84.17083123781859
57.30259207782308
54.526813385575224
63.2334094177788
59.291626090455445
48.737193602697246
70.97198654696383
56.70531167233349
56.56743710487537
61.36238433304934
57.89628890045521
67.20652630093363
56.10778102933393
46.323268396179635
55.08649959469161
65.0882938630996
68.34977144480459
50.01832640313226
62.86164382018934
61.23377261660639
58.350322530119676
52.06413503268475
51.36371020851047
62.156200676610574
59.908672736015895
58.212808448819146
57.94489765333686
55.839625034697804
58.279087279072186
63.25188171469695
64.03756882004566
64.80334653376114
51.482978030186025
64.71503466838664
50.7855892706073
58.09767486332615
56.23236124734129
55.68610092374289
59.7391297977503
64.73506209440193
58.86237966322897
59.0097809117381
51.03238780054376
70.30021306280094
67.58040192875453
43.83597715800574
70.27151787058735
53.171358014431426
49.65111783604278
48.7927869589561
61.0303286818088
71.32126309214111
44.3068887586008
55.05758592688886
50.504283629007936
64.33894669576162
64.10277852548835
47.93890572857966
58.769715335972904
56.85425342210937
65.03661142966534
64.92092144073195
56.30296843147134
55.038608980475146
74.92401719331667
63.79162961959579
52.806536926836316
74.80003639413529
63.80106750821081
49.187515121077574
60.059766559780776
61.492140999769205
59.84143712554891
63.34236658613677
65.44088091885374
59.78871541998155
64.89497137989494
60.63278395619937
52.98977172242399
49.360956700187316
48.01293715229319
66.2981455182273
49.689687603962646
58.99840347436704
45.87305245747591
65.23647856917297
60.777157909956806
60.50092872289503
77.88132324382366
58.56976179897113
53.418823901100794
81.15113030304025
60.08418971376085
74.3914595185617
60.14446769128908
61.29030776847801
59.94335436212662
46.11120273287897
54.382049809036054
69.17201956521755
59.61700787952105
61.366913783897274
60.144018740168654
63.97243378875998
69.38028698562735
58.7637436565694
60.83548414752346
50.53044678717464
60.920150784232156
68.39865586531717
69.54834817810853
76.87544854269507
60.05944933297822
56.665767125351486
58.559031290562324
58.174390947067664
59.450360736002516
49.940907552661294
54.18436356278426
55.75028628693926
58.19935206060948
54.06443862931291
65.016969593184
63.894470736230545
56.42831236846715
51.22750060463966
56.80573223209627
73.36353588720225
56.19719314261201
59.544222065529745
56.40054011612227
69.13164244989677
55.53382022162708
52.8175041679411
62.42752497430243
52.80131694800415
60.191090967055274
57.33195577976458
62.92635950662901
70.5492684114017
73.37051632929958
62.09765106602253
50.53517550334422
74.70692689675535
54.44153300704301
46.935165017854736
57.26050162282224
59.214383812158005
47.82605829370325
66.93679457225787
56.38062680925442
68.28066697139873
65.73552738693228
41.028577230193285
63.31218137544246
54.77171940844011
55.86814977883949
56.3141925925027
60.28398280236472
74.13311318071624
63.09804897741655
63.376579798857954
64.4430664174134
52.228775241013565
56.65227179590783
57.307905294824685
62.234749117029786
64.05466873643586
55.67798494896252
56.76243104246131
56.57219902952212
52.26239820354069
72.11691910071303
63.5546390240698
49.289519563203235
73.5636778387303
65.27093049926359
60.08752903354626
56.686126450941295
62.06414800015463
49.67093249991739
56.71782181003913
64.59194371132209
38.94754476227195
63.059993743116166
62.679853548606545
54.771865488260694
62.475447536350366
85.55185792086013
66.07221954786816
74.42106875875835
62.469429272404426
58.54848899976255
54.02407688719431
54.392929346357555
63.20452331010178
61.37755705696879
68.74579308207699
58.27768827540628
45.611645544497705
61.0434520815794
66.15521395896225
58.700758149145194
59.24621434971669
71.41263826071447
57.014610208677475
67.7856407980713
52.10238488644716
50.406728964640465
48.99756790195957
69.01287512513274
72.88647574708166
76.95388002926275
75.13418775333017
68.57439082944607
59.483375222510276
63.03749974568146
64.55954377812421
41.437786454857594
75.52969937705022
54.3509741771386
63.84805261160265
69.40676042654165
47.46911339441283
61.01161200143182
62.03665430699102
45.68575644653232
58.74798677382835
49.98945335410432
49.01769189643606
49.99684644725691
68.16163966502565
57.02308454830823
56.41144556162742
69.73900366604703
54.73178792581267
65.15249372243433
55.229223249069925
51.98419328455789
44.423896260127755
56.58356134399732
66.41552088288732
54.8853282407624
48.38217856923796
59.7994838884379
70.06158843910407
65.20970328408326
59.07542868904985
65.8925817282937
46.4809407553969
65.25504620571431
60.519217222615474
64.88953987875266
52.90159715018658
57.0598334730571
60.38148787346923
66.56931180506628
52.360900098378316
57.412885076422555
67.24153635866774
60.963692579622574
53.909923276274235
49.75051132896618
58.75645737068059
56.426623311181764
68.2636252216212
69.67717336050598
63.11659362501952
50.58481582177183
57.343751085886424
53.35038651586899
66.94252477776475
47.24045495368746
56.38473303300606
63.82053091749674
65.53478562940273
53.89417017790804
67.13046181435382
54.75827675428395
47.13832246120334
64.13714859380364
51.58799800907912
66.37768609767753
66.58338630638696
49.00285511415013
55.4272744044797
63.86996490471743
48.38331577037623
47.70306825502327
59.87072019784287
55.16880742556463
54.56410744065701
63.177560205924465
75.2124366674605
53.99725876277307
59.33643394190093
69.60998274151608
68.38053199157939
74.74069987879997
70.78800763566065
65.02531417999009
58.833154446830505
63.355439214055586
59.23011760166425
57.62609353224175
54.27716466466637
59.360248579693014
56.721750021443796
79.2855200365523
65.76658612770943
74.64760766623667
76.0563611973712
51.31064575005365
54.65240887006199
60.32115947014166
53.02074965496883
51.507427829461875
56.18959562189615
53.205063650050604
57.88704001660279
53.2978843236114
54.717471673216885
49.97746297500157
52.82816913680222
50.17613714595221
54.27574641400515
56.20034900009035
62.346985354644886
71.63069389792207
57.69643323927199
57.06010237770573
52.17323389646317
65.11667634501941
52.21788237577149
75.64750790130005
65.84484895093833
66.7659989983524
59.81215623788188
56.78119780618107
54.85885487833798
66.92902733349692
50.0639906891776
66.78806983595318
57.83797895971553
51.60373973534965
63.08003581790434
54.16826308740661
49.14822316318191
59.88835681326738
66.7814239731273
82.17775453741324
58.790382724101114
57.40827914444789
55.229386941527174
73.3015267632163
54.03345144064467
54.52582716717343
57.62510075137539
57.47104510663596
51.59080847937394
60.49914301348903
54.308697750351975
59.932998936689984
71.93728234193061
61.86997284340239
58.69180139549376
57.40044558920998
50.09136934234962
59.65510501776783
53.924996402731274
58.741234564306644
67.36606579174055
61.542892228668045
68.16388754470898
53.196614735596626
56.834213813951315
59.666388062557594
52.24789576833252
52.34022011420263
53.65760142932843
55.65589716111203
57.481611715907725
43.36880778620753
53.06215680732663
69.35531824590596
65.62059450185477
59.4795635506265
69.24605669724735
66.74721954852042
55.29633309050798
50.116972534575886
39.601444300643415
57.63728491971718
51.22936005064844
66.20977980892724
67.62887603340371
67.04643889990962
56.24226624439657
58.73915369522958
67.83017376702854
63.519515901851946
59.12387521042769
63.42679573488801
64.17208367102434
52.78787527788592
55.158055157490374
61.59898654351176
57.00856850539102
56.021664398655155
65.62221551875099
54.52035587167841
58.18382286970863
65.03742333370447
82.98533767566238
52.58344461322573
57.530214508374335
57.35917952112463
59.8334045761415
44.07277683749102
58.96608935041002
53.32894092461384
63.20341356984878
62.96600289023851
56.46583131998989
51.143609245946166
55.42774283302872
77.23559359067393
55.209484982160184
61.55916791432053
43.1228681751568
58.582160250181374
59.27992026447273
56.29196457074657
60.964752997343986
62.79480934095814
73.33077304077821
78.26065131786582
58.68734019271851
57.6927836477203
50.493581203439014
62.40697444866954
49.68391914959914
60.97520049702203
52.51916986386379
53.449273647448344
64.26158712567836
46.35190513561913
54.87333128255219
55.8020098316636
58.69966116338755
59.07010401514543
59.3451312367849
57.39028665383633
62.52660897749274
51.511992344645385
71.77782562497205
59.98185252575839
70.18371356506913
49.173493827598726
63.53613373223681
68.91226089355231
50.36781146605768
67.42311679494553
80.1231099665561
73.80552258370581
57.1054455750578
76.52041200673862
55.59729188251751
58.45938841827237
66.38310302578509
52.0304196624161
49.23505906705124
52.069416940114756
71.08725009762757
67.57668544093698
64.14695902245597
58.47017445793456
55.860898285194715
52.09807859731918
57.873069683360264
56.45218767639764
67.05034555654449
62.87128185344387
53.120141628811595
79.65024026988294
64.72997934084282
58.525727156582185
58.308935677933135
49.168846193166125
56.48939781581567
53.34685367352827
59.07896167942239
62.82899242702165
62.008603797479275
54.08967214407023
58.97638729578165
63.37259218812548
52.10505794074791
59.25562795982832
57.83375978954817
53.98138923144707
58.37502289901278
48.65357997259168
57.41366382826856
52.44183796429726
56.38273547037218
51.692573239544394
47.275826875525944
53.03555627460735
48.923023594157776
62.39999869100642
54.904720696523675
54.44864548672065
54.76100540032906
50.02659786949857
64.91475903690247
68.55480905027547
60.04212252214228
65.40939440733705
64.31047382242696
68.36043498415445
50.010914198699524
61.54565185329283
57.6161781659177
56.58487487871512
49.75586830932668
58.840714269756454
72.09477057366307
48.023751327350844
70.43081654661583
77.36233401051719
67.80224442531267
51.91361115181129
56.76616117671363
60.497176507964525
60.76430685512384
59.980934692899325
47.8931441403771
47.84955360012424
53.732730151936764
72.27804745651844
56.42436564206875
64.23414650811041
65.1510639879091
