1.3832206670744749
1.516594989662333
0.9826425610121707
0.6907995093838275
4.089876968744067
1.4543852494205987
0.637382582204158
3.765886670906856
1.2263147640179024
4.142102347655942
2.373334303578748
1.069739736931468
1.1725093010211893
1.7442243785522842
0.558655443533217
2.2026099143750977
1.7016873874798175
2.1903297916005866
2.2169294538906357
3.488692301496103
2.149129839061246
4.503517332131787
0.7084940693315052
1.4461468630685643
0.8035079020012589
4.708111490399652
2.816903741533831
0.08060928276784263
1.178004179008416
1.1135150058123129
0.3894879339521089
2.571235011387765
2.8460815832013835
2.144613750306449
3.1051728507406535
1.5341089670457377
2.598860960297749
4.357605211754278
0.48049519848528716
2.7978518320283
2.166962311733122
2.3893352081806434
2.675891401882611
1.3605443563008022
3.9721659824936846
2.6166170312965926
4.769589956023865
1.796362885108764
1.15860361364044
1.9256261643342043
2.7555339268223054
0.7596322735055318
2.131170627141203
0.8680889741221942
0.3351828754264794
0.23767358165764035
4.137089817253357
1.4554720891324213
3.0182999697482416
2.9758521641703024
3.1118244181432977
3.548922392569398
0.5065929054185593
0.5334732090696906
0.8240415892755619
0.8826905199704521
1.3537415587620902
1.6719835295876044
0.27283127469414514
3.0925510042130324
0.8688159742329065
2.466607289947033
2.9178955490609946
1.151038480775494
1.1816074812582549
0.18440891018126973
0.44254064683915945
0.9958097660108222
1.3517320541947953
1.5390191403447895
0.9210563268461347
1.7957864422761265
0.9545403633528545
2.3629387909753645
2.3419892097748947
1.5765640994067551
0.9411606087388036
1.6334672268653372
2.3718137683406684
0.6999335605126857
5.145924651470329
2.317324230712598
2.0244299132438828
0.12295204173322916
1.898204974343075
0.8000477746528967
6.47849330919566
0.8346396747862161
2.5135004275551225
0.10332008028709612
1.416953704557235
2.3083640390095472
3.984906709175031
1.3193065606754846
1.3152589672355857
2.295613767264479
0.3132244127290475
1.230588574814546
2.2072368146106154
2.2427844734021436
0.21358208302355672
3.1220105499478303
4.818218525289905
2.907670028466209
0.5511831356273902
4.1166476920944985
0.31715351247259366
1.7492014872253223
0.29868481595115765
1.5246737756916693
2.299976606247149
0.7296294285777775
2.7555855428049973
4.175837418152629
1.305962392375602
4.765738794235175
3.2479469797212466
3.563338854467298
2.7505445721505333
0.7874782836089183
1.1965446459740565
1.2604463365403877
3.362663321511433
3.109332301042043
1.750369425214986
2.6270014847459495
4.1176230026787985
0.9028210968473215
1.1780796950955184
1.361572063529561
1.007570884920299
2.8000634122508874
0.7386790764691039
1.851704947329663
2.3217389844109375
3.971526481503424
0.19453100647990917
7.179537583332633
3.5886406005452676
1.614748334803973
1.3683379933391544
4.766884762575193
1.0211768813054167
2.0689084040042913
1.0019336533751386
3.087252988978143
1.7075507839986712
0.6040711613034165
0.9727527810897365
0.8807081593044507
7.385583460347924
2.001634094584963
2.521413997177458
1.2348588333871122
0.30447397149332334
0.5866834120742758
0.7686046159565262
0.8110179681437026
5.324883161371811
2.3141014680466006
2.0518295308063577
3.956880081034346
0.46394119824320174
2.6457649106181953
0.30406567671863166
2.0365562740324847
1.0848011687055297
1.4115740315312955
1.8092464173452638
2.2181186263176342
2.9472257766332355
1.7047757877002154
3.830290655290516
1.7792511398048603
3.206384144147618
1.5286157542553176
1.3547376308645735
1.221495763160963
4.131471857901644
3.2614189026203744
2.0977139357052974
2.4183985478059977
1.9690335120338862
2.973636701591129
3.1901971198887957
3.6170890313681054
4.138131862837576
0.9930067027293893
2.2451943014849687
0.5963010586911117
2.552076470524076
1.4062732180040605
2.4688932362348583
1.3526231395880812
2.4202987177537856
1.6629211515696705
2.7006634339953743
1.5299580218609212
0.924511139015309
2.851315158257442
3.445495114574541
1.2338616187977203
1.885467651527828
4.142962251324831
0.474167277389719
3.7076674441461672
1.0171590757503972
1.1681811858560112
0.7023321043181251
6.583646143898429
2.35541155525545
2.1708117501188284
0.7223098545911094
0.5965283926405432
0.5251010548787493
1.325708913805593
1.4179194826666737
1.0669847060921032
0.9960743335581866
0.9926277336584374
3.041690390827811
1.3325992937991433
1.3381789902760828
0.9092050675578062
0.4112105042987348
1.8044718924392056
0.4241837408360187
0.9800652651817409
0.48640380019192486
1.4939952403372665
4.378795182433375
3.125692403222411
3.3802777557879193
1.1451267266275975
8.745695030518855
6.599758118206489
0.14276868398343853
1.085598380598504
2.5086181726039842
1.0827542841343172
0.9651282269539293
2.4396827765324334
0.7158695623406459
0.4028586849601282
2.796782403531551
2.791476044331287
0.8924095143762123
5.715836997726173
0.5129371081725796
4.136267090752498
2.876281360294541
1.0111275999954383
1.5436244381553794
0.9215896023901401
0.85499432096238
0.4915035844517658
0.4570859673507454
7.302450403633258
1.4827795245487683
4.013156008067536
3.802244276949691
1.1217216835117974
3.5828371396381393
1.742348591418385
0.18315525506876615
2.497673704223559
2.8219391418505144
1.1310525791859893
2.7719252274611756
0.9432440764058655
2.537398776104822
2.266309577879679
1.753226902670757
0.6781658155154108
2.232638137743368
3.769988198806332
2.2460854341368033
3.1017366163611766
6.744622508307718
0.42777938542804483
4.819127005513173
1.9383148076165566
0.9497052178335657
0.7267374945052215
3.4947118606801864
1.167766640783213
4.294088175604047
3.0713166091986825
3.068442954848412
0.38446462438205464
1.6760880309350745
2.3828163691792783
0.43388450012179874
0.11756718055434025
1.9789470906629163
0.3081536338020382
2.9749729149230295
1.4447029669378852
0.9597406283638603
1.6069811951100796
3.251499974680298
1.455545532146828
3.031303649616057
2.144981908591608
4.004604876804189
5.0606120921052336
0.3501719091020911
3.082310046956359
3.0849553729444135
0.9508451623633398
1.1587739017010288
0.46232761779533554
2.0340479081389597
2.1158563152724303
1.3398621442255059
1.2642029302479338
2.4408661811424963
4.122147490859022
0.5580257918799797
1.1392504042861076
1.3942707399541203
8.367382121566463
1.4170204171528098
1.2560924049420235
1.8402415267821857
1.9081278275549116
2.741797232427895
4.13683280758642
1.1891426318771374
1.153487437040902
6.030036948211167
1.2716480707579945
1.7629470594480354
1.7831557069742052
0.26515864635375064
0.05663782495419928
2.821178125141953
1.9956324753404306
2.559218466485222
2.2711706678146113
3.1450247574079913
1.9941658151166557
2.667025607926295
3.619356027494901
1.310368401648485
0.08988205678282556
0.5050479964745268
5.712669697394058
3.679980729911517
1.1006201727349532
3.151532831173512
1.8923649495692716
2.2282109843558153
3.239552000857026
2.8369391626730596
2.9155575187865503
1.2776163279179393
2.085652859672102
3.073051141534976
9.204794253151922
1.7107448677823334
5.523790265174888
1.2108505765248616
3.7252133579820597
2.5555351785309806
3.1282647529248058
1.728417424280461
0.4146930092761816
3.1794230534853143
1.021376108054856
2.1708505293726272
1.3929897200449568
0.13130686159033172
1.9748496771033457
0.6536643799240618
1.189754797057604
0.395069861098157
1.9132050328773464
3.4924439303270547
1.3183590005374421
0.4221201476120481
1.5233056504087275
3.4268873298171743
1.7856153423850618
3.304053158615073
1.1545724335839287
0.35116958373315843
0.3511806004422806
2.8693949897220894
3.56259190323499
0.8443652448834357
1.3088944140602867
0.3915118934207275
0.9959994022316837
0.7828022205990421
0.4186530174023228
2.1336325611360665
1.1009836160895763
3.1110174857725266
0.7355627810501033
2.39719784156674
0.4552575413119988
3.832423637575869
0.7219567712005419
1.5298058705991489
2.086904203353162
2.8173098574076514
1.70968439052966
4.164877671065106
1.1331669218068816
0.41270275385771304
2.3056216915000127
1.1977713644331125
4.557670766085047
0.9413676244141594
1.2058188999948334
2.834934790649673
3.2874904584515425
4.208466864420115
0.8893491295194066
1.3489486073271526
3.6725938616837057
0.6125364079591388
0.3835955968066362
1.3356786821542035
1.1313915097333453
1.1875888553896012
0.6804553835507768
1.6613083351413356
1.7438152543501637
0.45928292933512666
5.937732330134409
2.195823230015969
0.2949710972434178
1.141426368378856
4.730970528730897
1.048030624695848
2.1554777684631805
0.08259555423887345
1.9968935045032596
3.1352654930076613
0.6818818993375317
1.5393900333624355
3.3216509334936735
2.413908775455926
3.149315799279332
2.8773632994258
0.5619140316205931
2.4997926523157994
0.17004204442183674
2.655210078265417
0.7433327920504448
1.389671751896356
1.378131371103174
2.453031914480853
2.1725519503974473
2.6980900453738417
0.4951141275468193
2.697052304151612
0.10641828888299429
0.8428390346499404
3.3383918712367286
1.916765046060259
2.889313892914128
4.410682631492839
0.4858744806131301
2.2381278089030836
2.2311629104199953
2.6963753604026106
1.6521052400085265
2.4739167510633937
1.8524786292448603
2.6921385663995605
0.42866574514442174
2.3403643523847935
0.7556597671054015
0.9984455082730548
1.5837096280850322
2.075778680919691
2.1380283979504666
1.0676221831082404
2.67804836135997
5.450129196986126
6.045792829701895
0.30754348943546955
3.442369916298082
1.377936005470772
1.8139295369667523
0.5813593251892955
0.22534526730074103
5.770224159400731
1.907169304337426
1.9659010549955744
2.041489567419694
3.41355306240285
5.046212835864059
1.853240393836585
1.335945437930757
3.735987651455418
0.8976395428874433
0.2378452887335048
1.9576026332918561
5.72127310599773
0.7980894801076301
0.6335332850391637
2.472709672173496
2.088172974179682
1.026097353329075
2.06627192317986
2.8500190162586354
2.1043098186200613
3.852483436649794
0.8487180235323593
2.338878143090837
3.619653657348606
0.6411226906895846
2.764160185803737
1.2836632478876862
3.8141901477535862
3.3817191659427666
4.131213367098518
4.041428309796118
1.5597188513407034
1.8517174801643947
4.201306491437016
2.9037452797991126
0.9240924325118044
2.4546598904179553
0.6664224293755447
1.0833867904059655
1.179832041041314
1.7953376708413924
3.5289634125923475
3.6828066379415936
0.19823291121252262
1.5617966953609748
1.9906540739921383
2.0557107498734815
2.2969408592352165
0.43689351303315993
0.6642736948778704
2.0044851158761623
0.6178794199880155
1.1503878200908229
3.8997754220422443
2.439044355919404
1.354829419823613
4.910713501603969
2.0732229723439803
1.1663339191715114
0.3474573212220199
1.9574450283487925
0.8743123518967313
2.7493051293520017
1.5074133152539946
0.23971625730817492
1.145150869729
2.20752108199969
0.5558318745542672
0.6465018106718516
1.1950576052502906
2.005355270410489
0.343471049623753
1.2681679099454175
1.5685963580618048
1.0475446902786776
1.5067254195516289
3.2282542952496387
0.5235080508797625
2.0506288119851703
2.1807439518057024
1.202796388754646
0.09476940243696072
0.9630946846503984
1.5553415020628574
0.3691751088585559
2.9681327685607153
0.16965598549162558
2.378352000250893
3.7671434824773464
1.1154061818650864
0.7748728079480356
0.31029666672469997
1.5219190814879966
0.46189366033688756
1.0930781913835173
1.5485548099657576
0.8969672385009858
0.1884140810643967
1.1103544388914854
2.667804038834239
0.06635487124844468
5.4939703743743395
2.403978452172371
3.1632506943758347
1.4653542110564683
2.5404290152849796
2.161531138926614
4.283182068334589
1.164228375143098
3.1963548038062535
1.2122467800909944
3.035031736917306
0.7782841208757609
0.6816073364209
3.2293418572344117
2.5503777363545646
2.9254252434121657
0.9838395752092979
5.165364101330785
0.5736671415637979
2.0358554461986786
0.8723385800648646
1.0164935866653475
1.1589183818049438
0.8777560732918407
0.7955838443499642
0.7854417513552726
0.21306443534920053
1.145171415745455
0.7649841461237182
8.808691416034778
1.096135249846207
1.7762385277133006
1.8492631128307189
0.9282827790772379
2.8514126094166197
0.08766843355398274
4.53239621488068
3.446966671268411
0.2239485383239552
1.0446128798996748
0.4739269432322582
5.489352175896678
2.3320871833788077
2.6974476478938496
1.3367637894999949
3.943471337234903
1.990882763403552
2.5608372974428346
5.729569757032519
0.4771111922084495
1.3016637720930087
3.8894171564209876
2.059986560928905
0.8106759899726301
0.46137048356373944
0.8715121896255625
3.718513552306242
2.3180228541262
0.5791764993921228
4.265720903559464
2.992521577031348
1.077850391839886
9.481842505997346
0.20249457915125843
1.0263694053845793
3.912249066001232
1.1216687382132258
2.3842218011699763
2.336122682447938
6.030028472277328
0.7852312137203834
0.13415819962165312
1.3422680985917266
1.9819481528390646
0.3572479679692294
2.1582831979032693
1.5820138613211514
0.6632427987686205
1.750015591462002
1.3385614221292053
0.452810233765803
4.2896928055592545
1.2288341527599875
2.961114108559234
1.9566581381873787
0.46284326261485637
4.182783627433015
1.8349519351291204
1.6015062927912136
1.0914772618620439
4.36007827462706
3.6211293290447464
1.959626520653122
1.9369711150465807
0.7169309537293787
2.549318786648633
2.5883045257827897
1.2630005574296805
2.8512118260450543
6.237200244213981
2.215684211358058
0.7796463119290382
1.0883825849511395
0.5003587424387239
1.1059499040267309
2.7298046934673144
3.679229881277094
1.7949867643739545
1.3579691838909123
0.9856940855273226
3.8635721118424335
1.325417544404735
1.7288726793221314
0.6663066605244491
2.028124431864408
3.1491996847257036
1.6529789556061312
1.8531445810595264
2.4155437484247546
2.938708613756676
1.9637928554479338
2.203886871735161
2.535462791498045
2.4145155490075854
2.409525640285489
3.2002404409619523
0.8249858600185189
0.21293865789546298
3.6151028666190705
1.9863393055279348
5.941678443343347
3.267697908543668
0.06203982605431408
1.8349278128472022
1.6469257087599598
0.7029348791193939
0.8047680694478548
2.6924712852519423
1.1654296479901394
4.119176946967017
1.643650259585325
0.9024347174598562
4.094971185757133
1.002008834123565
1.8423422232200248
2.2858646937184774
3.083315992272564
3.001440156008292
0.9353598362371428
1.8884526922224536
1.3344546769625023
3.2110912588530867
0.998030223762911
2.1691875283610225
1.2083007076456385
1.1249861847745335
2.618244853312257
3.9144019527960205
3.8958798720775167
2.801183424545023
2.2567363777702503
2.8285350467635024
0.4637338424106557
3.423284829871885
1.6078877204914988
2.1006363034830917
3.1453856362002317
1.3403767900363481
2.3561946852408604
2.0671472573386005
3.3336602065419814
3.5324101595224175
1.1055265070373508
1.6428409072380665
0.3153267403405714
1.6480851359424993
2.694906164831279
0.8319188747857119
0.661774999485502
1.451943786489608
5.665815823225425
2.987814654473048
0.5965295493646706
0.7128023112265182
0.2979735651285797
0.991983080167898
2.704078151988987
3.731234130749921
2.7195505407164084
0.799418938828564
1.0629094636212848
1.7338546296060542
0.6857232597708209
2.8671586545955114
0.4838271352128429
1.2294134808476578
3.7165237806072446
0.540727618609533
2.9554078574361387
3.038057423493807
1.9544059992404155
1.5333740319821763
0.7693612768670569
0.900737360237023
3.365393210834697
4.223740747049685
2.0064693062977113
4.390039754666142
5.594123669751499
1.2867188775908243
1.2400931744617205
0.6614184969399706
3.5284479024255972
1.3055780686819003
5.546614137663602
2.4888056729268624
1.9381844163496218
1.6733110346012596
4.268831239292808
2.380750594474897
1.518155175603095
1.3668764811580707
1.2264532301359725
0.7722913903699424
0.8224592315573497
0.8449429105420896
5.562461238197982
3.376612496007267
0.03480155604470253
4.725666352722929
2.254740711971997
1.0638911474221286
3.051400519019489
9.25849876185178
0.9966176486205336
1.9604430792325038
1.1504982754729813
1.756873471847695
3.6790715513282244
0.8597220792805232
1.5376788783873212
9.086535002989935
2.777969846959591
1.5903972898294836
1.8593095420485843
0.8371577390642754
0.537549844639088
0.9772824315331423
2.61665591039604
0.7627853808305189
0.9347047455980538
2.1824495218301814
1.6329035630030961
1.2744042708874042
0.25306504383215767
2.002673928208856
5.952539258036725
4.117261087306207
1.7567393612300546
2.52841010646867
1.8729537347350182
0.9985350261622769
1.7408629067747217
1.197574000498351
0.3364927222883685
3.4988580155286964
1.8618837097091783
1.6838220821847643
0.2012701780814142
1.779700771165712
2.485253380590011
0.6368879896197197
0.3550596237471531
2.3956380785751477
0.20416650543386977
3.1097248459433393
0.8791411169418089
0.8246337517078316
1.0664490485676292
0.7250400054047262
4.3417697906575174
1.2602631456345461
3.5803898434342205
0.7340096862071678
1.6146809340765669
6.899604662143306
2.1408058531550576
0.4941473828526965
5.443916566152367
4.115216729986527
1.1659026537690134
0.8034109417236767
1.6623285963235028
3.2979832712455948
3.6876817505126955
3.6953926842575
2.211499118899932
1.5600910455073835
0.6251206081997217
1.4243179714553609
2.7729574396846606
2.0326887615381444
3.0020893040804335
0.561855194939144
2.3381513347513616
0.6708660940938325
0.3565001164182173
2.589089372640879
1.815444137296404
1.9262795755916182
0.6018317185790922
0.519942136724866
0.7386129881736332
4.388189196323018
5.02502530194127
0.685248157962065
0.4631389828454804
3.4311548734006387
0.3329845149529234
1.0332809080714884
1.1120810732249462
2.4221622051203524
3.111248048015151
1.9287594405932127
0.6815806586228945
3.7367616244559105
3.535068397197665
1.3396578703303772
0.5538330115569774
0.23541153166896267
4.018327565296116
1.5258867168647532
3.3479666261167913
3.5578283696258794
2.0288842345933555
1.1596240434515876
1.605034189975034
0.10383751345156221
1.0196908139482437
0.855923675313352
2.5976813055306565
0.467378085867159
2.650184383523826
2.0694547161794965
3.486790161957909
1.505735918577352
0.41593651617173594
2.157311939585301
1.0922348666535562
0.46976224540517414
1.1067026710689802
5.328785097832949
4.825163407005576
0.33720573348132366
1.5043210545849048
1.930408611745944
1.9773647509760044
4.105559701772913
1.7999384877247924
4.413702236132177
0.9919699819201611
2.0883795630115083
1.3779219349652287
2.716516339416863
2.1719882518346183
3.6721300748795516
1.4928183955395367
0.854464449316685
2.766865145726502
1.2068449313119842
1.1383777430305617
0.7525687120872043
1.7025966086872473
1.662895148508579
1.1835845648661738
2.5729479083148874
4.911311398654931
1.3389570383231166
0.35623622027538127
2.200224178869642
1.3535568968808256
