0.8038850623785774
1.2896106195385086
2.8396751635573327
0.5994829982085463
2.0849522406725343
2.41838127882275
5.7154098413914305
2.9079334519192135
1.129143196228053
1.4288030129367884
4.245799990556929
1.8411953708374456
3.261508209583918
4.172778759998729
4.597223926763501
5.535165740928479
0.8245257769295646
2.243228276781859
1.432912341040173
4.731421090102595
5.8522749827931495
5.997426408164605
2.642334828326244
5.420211246465582
2.3759699727765136
6.95947539118825
2.6879168710296044
0.5688203196227127
2.441869253159216
2.2955953227504367
0.49513496542346697
3.9990767974605594
2.456578056003096
6.903788620769717
1.48683650642292
1.83378770695531
1.8037038393599394
1.598831685549212
2.356432138988273
1.395370800456528
2.4420498058910165
1.5392532596008417
2.7722408049479843
1.366966818695802
2.8393273499658793
3.7208450615396567
1.4709388545182107
1.8733186469907832
6.795418211548577
1.4423249981721828
4.469476519065254
2.288641913835585
3.1457926547214194
3.622173662384617
3.1917152994672198
6.213774634101625
4.173390750073889
2.385622993812726
2.8182115253507463
5.623350612987025
2.5143258966939968
3.5798540974580373
3.957497491359025
1.6467348512158664
2.143420168090109
1.3429403716669928
1.2981143097889856
4.057248939645924
3.81817014666691
2.385510455507668
2.40032981477731
1.905066280686069
1.9343366810581184
4.705203002673684
2.506663160200169
3.1585205306417876
1.2306119341345163
2.6582712988996424
4.017735803099352
2.5570970476288974
1.4068476434889852
3.3067371894695885
4.5836733673806
2.466878053476565
