3.6697546101581744
5.9700729064355125
1.177270129358341
3.474177642061097
5.453653038632025
1.6941255045474402
1.8027682360012962
1.2682761428835234
4.5119457601233774
4.648435412583629
2.340173210710079
3.481304306605516
2.3720360958852242
2.9011180544996487
7.560081247665007
0.9362528795694358
0.5716228289653595
3.490698146344768
5.193688271113093
3.5219790103568345
0.8912689017645611
0.9907624320951303
0.6848386195316234
3.2744661031551336
4.654821178888701
1.7073443721322148
2.1102078582301758
0.7109238594427626
0.6555819149148225
1.7998227782796752
3.9291045244643383
6.550220561214431
2.928883900451032
3.5185127865191856
2.285900261285245
3.1667499661129903
0.3508902759185093
2.6458599048862386
4.754471248864933
2.3334970906841095
1.0363445156077487
2.2095667918495474
2.2187644044912647
1.863333938471527
2.0637220850044242
2.198627968370034
1.1371168549425705
2.297041732690638
2.2386013196514654
5.427562978623076
1.8832589761302305
4.134450645404003
3.5049993419682313
1.3025337808834176
2.7271671064418173
1.8433371806773524
2.28485305513017
1.5364622617673371
0.47707982507627383
1.3721902200442504
1.6013249351138987
3.567048583882314
3.145159137382059
2.46837173520805
1.0507822588525435
7.444236896017625
3.090212387649976
3.3665395215604925
1.3317844199748659
0.8181753374165857
0.7092956862566774
0.7793081690368769
6.185838658805818
1.6527284917000409
3.2717829249153434
0.35794076106341866
3.49484819412098
4.996371917849126
4.682763741778391
3.170668349969054
2.7646405235767784
3.4344089039725514
3.831193894593984
0.8994523807036623
2.6735330977572365
2.2131243445633073
2.281418456235495
1.8245228103238758
3.1544511346014374
0.187778805511573
6.6117266352440796
3.3495636805977687
5.087783684936911
2.3280708307068076
1.7549104254373953
3.1168490295097673
2.4897891604696287
3.207166705295334
4.398586761066281
2.4592633498295595
3.1381022274618644
1.4732799329701742
6.173493204196507
1.1635589120103063
2.915434932302743
1.776141377697652
4.286964313151184
2.4522089203211492
3.8779880509710485
1.6403569391728636
2.94543465646393
5.168283554686567
4.13842313356815
5.438752657293816
1.071327434839474
2.744177412077833
3.179084915049832
1.6832556742529898
1.5578192906818087
4.916375698541703
3.9933922528558368
0.9801502268291565
1.6467035245087323
2.514182271103823
0.9546824795551239
0.7761130042930156
4.0701522597345035
5.444687100716032
2.6086068746945
4.262350258289231
4.071976209491844
1.8905048651271783
1.1072281975260774
3.560811386286864
3.6685801248871996
3.1308218752538033
1.5428108513680052
1.297949331106817
2.4763462460228465
3.531013275643432
0.5781452912696036
6.095937004991692
2.9557900017616277
3.2418580108531843
2.47179435639054
3.066868030591179
2.609447281220402
0.9490682709806175
