24.202905838414132
23.041692142812057
25.545430194588377
26.07944161618552
20.30614078273535
20.445861254287514
18.800315583310898
19.83295249168324
20.638983527556306
28.048787418591413
24.393812858245255
26.982295940357925
23.66943732233178
24.03049174109005
31.80097301316051
17.79653963546253
21.02652556557539
21.376237080550766
33.78404430999988
32.272963112843385
21.012391108271864
26.008068028032593
23.131100562415284
29.32579239473683
18.96889398275747
26.559795527596997
30.371121117570027
28.705664888465616
27.486702237282984
25.338342205199243
28.846465211274666
25.90723102979126
21.118804360390666
30.474275615447123
25.87223975792113
18.926052341990268
16.429853085051356
35.200130741046436
28.120873200390527
20.016206398705638
16.410252940671583
26.355930155758074
22.69160758500143
29.855685430707847
37.20345711928178
30.808910763170427
34.13823067010472
36.95721387667249
24.289927031893296
23.916000683703604
20.157724947541496
26.335805273905198
19.398828949551714
23.629415394846095
23.097299396670586
28.19778849457366
27.12946231498872
22.052291545062108
32.047626747830286
26.74455966907767
24.839465334083574
20.7527789969535
28.234998868225354
18.527418977446153
15.116564419010015
22.26726183450341
24.193374303348076
22.45259692896484
27.042253542389375
27.370179017360236
36.54775564538224
18.95836459993053
23.631368902854042
30.615582807889417
17.899316725330962
21.74551992404005
24.862468503746555
22.68328727528726
22.79962142393617
15.892251238116035
26.541902377076056
25.409603154506527
23.707988835515113
31.106848131820037
17.497391484459033
17.146479848212348
22.6623749371964
17.785622496298878
21.82658385759587
16.818090589450907
27.017952810479958
24.195294886250007
19.35622846054089
33.41488277760796
22.72736406236917
30.175186413833973
32.68495466492879
25.68157349582233
27.933889866339214
31.5336917352809
23.347360163982703
25.25201670735688
31.840921416901107
25.129779852506392
31.272928008177832
30.035298813767483
22.85776480450626
28.105585925960746
31.944479126467932
20.81823314619374
21.260099143733783
16.33443914099394
27.498998227183616
25.753412330659902
21.35901353756899
25.266466993744885
31.406154927599346
27.13848047297271
27.74997221212789
17.45191986777548
16.52226950620669
17.33611783249235
28.34396146483484
22.6291700218966
18.910025058221702
26.373068650314945
22.368143356643294
21.02260141171407
17.1002503802538
23.531080035784353
21.88112842844418
24.322832907989767
26.440827733432872
24.137637300968144
25.59447897641539
21.933920280354187
16.507876716152126
38.59867490599127
37.30104980454828
19.4008378609964
21.86846133375959
30.927925210426558
17.97149795328203
26.166067220393543
23.22970913631983
14.80986384533932
25.29326282090182
18.038670906190106
20.652816278826954
30.993912058721744
25.29773313358924
33.75228778827101
29.972841118499897
20.387968441066857
27.543244912463322
26.18038486500485
18.3965058770282
26.57101912380882
27.632062552532826
27.740472848388166
21.248417553667537
19.849743924467248
28.863652610382776
25.442574456270425
33.059266465045724
19.46760926912286
19.279383705547836
21.7442687254901
19.432014690476063
18.306019158242552
34.49412869257666
18.88289825490453
25.880791352092093
27.07010346287433
20.38973243699532
23.35215315295179
21.79637944980504
22.315663631552923
27.135905038414016
16.88950687935831
23.6198267126447
28.45524699311302
22.00300693716475
26.124622249425133
32.024826361302374
28.295793892444742
20.367185002592247
17.333301367051597
28.248256091141084
24.475535871158087
24.583005858816183
21.721145894615606
21.415016491476276
28.06969857532639
18.059658970825282
17.766276546697572
27.500463323089466
23.582296748643046
20.308651842159975
17.40990155728053
20.624536837764744
14.279067276806622
16.535024147324
18.400409930095666
29.915287750569206
21.537491271374783
31.423624945667175
26.73855733244834
28.43350971485135
14.867896320356753
30.17412033012889
25.97144712563157
28.55096557438071
20.11536244330643
25.937604439782557
25.131569654826222
36.69829889400924
20.153897200923605
32.27837871090889
19.570070798643577
33.67320050005688
27.42100672726623
38.951739446573015
18.501189586020697
26.861481738220668
30.581250354490482
21.22039919113501
24.562804302301487
22.754233200255175
24.57236112748558
20.72409043910304
26.647461075979166
35.20349708979029
24.547687872487376
30.76440391075041
29.768927910450394
16.043219147216696
35.33367263421083
38.61419248271511
22.871867245114434
30.89619551505457
27.227195094548488
25.646264861109536
28.61132892812653
19.56531617042801
25.719925720702495
30.841328015060775
18.168916631669966
23.64664547549612
27.341833259507258
22.02658371281293
20.542512495838817
26.265040528374964
30.10693516517505
20.179211294785304
24.81370056612297
29.142015288429143
26.82463100347527
29.0186883427447
28.60936711123535
27.81318258211362
20.185156359908344
27.99570800743575
25.23929732775082
26.812039777889705
39.03976068145145
23.30468254600481
27.990911950943673
25.304240775680455
24.64825631028934
22.176557179835346
24.428325760390887
39.63495679139749
26.47874525763054
21.17328153820962
14.016112696380265
21.853905898481692
26.231529899114207
24.729267841528944
19.303486511558916
24.989890596520286
23.04268301408312
24.344499527569027
36.95275625458311
19.187451156724617
25.13191552731234
24.23165452170834
20.91314665728406
25.941476166301452
19.212433945869556
23.264483520479402
25.158024099041228
23.78628987272409
19.343280918390505
21.103327912545122
25.42144946646184
23.416887005619884
22.372623103527495
19.61369257455598
21.978052777325715
16.135949567005355
26.862542246952493
27.141925413305216
27.633171723177067
21.48049217771889
19.54698257180497
30.957785841421472
24.422245405113888
22.45784404818257
31.340625727726557
29.432830823344087
29.522568689206974
25.208374828921684
35.32612347956414
26.54224129134235
19.28826384235758
26.142962941568584
32.32033543492911
21.585517358483678
22.447566390902146
27.443388720991717
22.49049249694831
19.245581234432695
30.82499230997042
22.977794502781357
28.67612158707257
32.33264661658465
31.811338372615165
25.459218536041774
29.119103963963248
22.814148435927464
24.729672277694824
19.852685655814497
21.297856717808934
24.622909156525477
27.641959173976197
20.07057686275615
27.630211487768157
26.65658308567498
35.58917990138131
24.852437134336334
28.909459146096868
21.517657716195018
21.361381181976313
35.334445274617195
29.938120259462643
27.902220359592857
30.551290993769406
28.727053743064186
24.183827826082275
19.444489950533708
19.96889599779702
18.828659143322138
22.87766759456109
21.309086229623986
30.723866013564315
26.596577002721467
25.32354111545082
37.32135477956118
27.060543505530454
19.151673614614584
22.397535617101774
19.467743081489562
22.56154460208916
23.269812401907007
30.184353706606228
30.715300281857672
29.089324592926214
25.414664673049753
25.064392118886804
19.1354568181897
28.188501653492818
19.531671439996806
26.98748842560109
21.721245035718646
19.918427948013882
27.176453150568538
24.055800156035847
22.122033728040574
24.317727572528245
28.166076878354847
30.131349124547867
13.350600141209542
26.305905273206747
22.918461386904262
29.63812116113282
22.466827178437807
28.401764130607226
28.103394147910883
20.257027120617906
26.185610013246052
30.288085761775964
16.44621593023953
28.15812881273165
22.793946760280946
20.325659977764907
24.348639135782033
20.98594845595482
26.904042809243265
24.539651763167257
20.648327876277385
22.584007980931236
24.223931955928535
22.96617755586577
26.81470464538103
26.499332144765752
25.474000804919744
26.837311924129732
33.78199486097097
15.245401294368376
22.888143584860256
19.86360031874891
24.609529294027492
32.159789846845115
17.5704165956961
18.685431457577188
22.29658210257335
21.07849838767584
24.978011286655175
15.724843082059719
22.63211718167737
27.27477186356322
27.077088196856213
25.454795846140243
22.341720141435427
20.329672345733698
27.662585730397552
24.744972158382367
24.750105140433377
20.737344288043914
23.61821341198412
24.173699644674
25.69095797480101
27.27326767951374
30.187158199582992
21.184304382391225
30.048327737551645
28.35315171897967
34.440987300377515
30.959319810058158
24.831866495205823
27.310970089016827
19.04099887588685
22.31369446727186
29.763581825712848
17.371062967693394
31.085717422447573
25.12755454754072
32.8169200718362
31.870385753341044
26.362518256108565
18.28930339898735
26.386662371173514
22.72675357608399
17.68991723363515
28.501950510345843
20.261967250403384
27.405636981258453
22.92849800278119
22.614347852480435
28.600892873735773
22.163403430429305
26.719453261123977
19.089237617729374
26.409361724050132
29.618984586110138
35.30903525043597
25.568710881568055
19.588610535601383
21.773328347260957
19.393244784029566
29.613821032759095
24.272163258616096
26.990489871522477
21.061328156362165
34.76868744641131
32.68995643445273
20.48909583045472
14.150304908856059
38.990011249315764
25.357685993850723
23.65229344445316
24.219868251852407
26.049462090999388
27.600049377862113
30.747481364805168
26.148277183971704
28.413790727312584
27.521681073715044
23.405553586928274
18.088037598741526
21.863325268112995
18.73779088276558
30.06841104804246
19.55726253038899
25.655237497480424
22.00901509486774
26.84531994969661
28.593975716978996
29.478637048091787
24.103575701330207
20.92565065151245
33.472433198350856
28.444409158030172
25.633821858362925
28.3069176997757
31.433370558871374
26.053907852564365
26.770868269452514
27.732327088551312
25.200121257698342
29.213550455336097
22.319057391119117
31.100341848412327
27.01963311165408
21.223737938455532
19.4373290573691
26.11846401596012
27.714756680535352
20.674746454605298
20.570945765933946
22.7773299953453
24.04595702353769
19.509422214320313
18.347796438122966
17.565287593889913
30.276581844092057
27.500201363168074
34.84584138709024
24.36700536600112
29.346400458112612
23.225027261453082
22.478145425894965
28.12870572694691
33.56121187060878
33.023984844674224
18.84457048347215
25.07719660835648
21.88136022730291
17.644592409349222
14.76973454099377
30.112068908551006
17.55807752152023
33.76438770442524
31.096861683000203
28.641972246640456
21.635008960439986
19.91708014633119
21.67886659814966
23.786530239771732
35.0881238196409
32.34738981529091
27.79534742138424
27.834618427824118
38.35090889118497
19.71186748780708
28.71738783663261
25.14592355449089
28.88037209906392
24.6479037123012
27.072734276555007
27.21517485830256
26.838438688705185
21.31907807294427
24.174264340426063
28.801660844330765
28.616994599589965
25.912023399372792
22.978868472251175
21.667852035040188
23.440888341467982
33.12414843132047
14.489765538298593
19.909799872806826
22.44187598282964
28.294675779429532
22.169705062608468
26.19154541404064
29.915001449776582
31.38061721786268
20.45535440483403
22.182015573874015
26.194147391755315
25.255592455962454
27.217326020483313
22.88031754761354
21.93394564765047
19.715016974803873
20.610588043074504
27.665006403154702
23.668998683072537
34.316019683692495
16.981858631106974
27.523076401649934
28.53275012710127
22.177509644972126
24.90829384651148
18.511352401835698
33.11784136342044
23.29876872321997
33.00534557868737
28.525011106711364
29.61861782838282
27.304238800292048
15.331008206552555
19.264067852247745
22.77488047081653
24.19581298819769
29.085783791375604
23.648945759917755
20.703432872875872
29.52043176399922
21.88324361896547
26.599234802423403
31.075515335768532
21.346965490111558
24.362060412283903
25.182301739786507
17.890276923191873
27.659742828488593
25.369912167238382
22.373018355172704
22.452584045935218
22.905541065801383
28.413769659467366
23.693196314380216
25.204135749271714
16.846641327928317
29.220907279674098
26.0334341670985
27.097422697634745
31.441620807356614
26.083816146653284
26.657514103487003
31.394879582625304
28.730762345697933
32.034121973446084
38.119305486822924
29.680559769775073
25.390669358243937
26.359390978110284
38.026262085215244
24.214572034388013
27.022999983303333
30.19862151149536
18.94286620072538
25.835572646093393
27.09751800743318
30.75682839656728
21.851855290510578
23.720696827152036
17.60716670426704
28.262196734768036
26.124050076165794
25.624917887594044
26.297759210650632
27.6263541256159
29.26954085536706
23.626157907060197
31.956842977436455
31.180212278262562
20.6406280202398
23.992337540967984
23.98110268314785
36.852957425819014
16.839550696968914
26.31758734992175
23.187770655192242
24.036810629396598
20.70528264371496
19.915770909479594
23.489186113934853
25.669163577052
25.46070853661296
25.197488327618952
26.856415331633528
27.527357973384706
15.898478480566139
21.541710488717513
32.589939996574024
21.295135473450507
25.070943072077345
21.953635749324853
36.61073256128003
23.785641815882407
22.438803191339677
27.884945488127816
23.15504957782537
22.982718393272553
16.248879002781685
37.73112311442258
34.174405222272405
23.347650692576867
21.349814320439343
27.100373431987176
24.683745345360432
28.32452194285786
28.33354381901009
26.88700939210793
31.610726424866122
18.59455641139874
27.26828823669732
25.51569006573589
20.08688164573116
21.992706039936333
27.191154689094148
17.97769934813682
33.754351701774766
20.463850608942018
33.38667609247211
28.275959890519314
20.02804246472643
23.51777870452815
22.89963697971246
21.034437526429457
25.61507862928684
27.907835808124954
27.382474146330424
33.04828451807782
26.717213367030904
28.271815836446773
24.92190861715509
25.088429249976596
25.888922116996877
26.431137187451657
22.29192543562824
23.353966703687565
33.33252863956923
29.228220831190868
27.453124367664465
28.24590021331789
24.84712923905127
20.896343004966962
36.529699158180655
20.856056556704043
16.391967927750063
23.358487884199665
22.939423846631776
23.421205787413637
29.9780639817759
22.82344195415692
26.291446027689368
34.20735135845275
28.632872908639865
20.29560826528029
29.709546588393625
21.478403845654693
22.33430178198825
35.811066019837654
24.47842284270734
23.161764200365077
32.15909264604342
24.838455902920305
27.102064921256098
22.478982741663845
23.00404671118663
25.04526434536966
29.052155297306623
25.40930282941248
20.986080964247456
28.48491051064928
18.587569385277554
17.238388787698838
17.633383866677303
36.360612303354486
28.4801262088968
19.854623209769574
24.05405136883689
15.870072300994233
19.901110653614577
28.35456967032359
22.81393146632328
29.848206912281782
33.018942955570715
18.697121628588285
30.179532101966288
15.364819617964663
32.837170242572654
21.810972823701746
26.80140672570655
21.199007889770318
18.0372929778619
28.345216507390354
12.927854637862149
19.75370528344903
24.47391859511701
23.512754876556055
31.735504327543712
27.94421955338257
26.544683432582296
20.372836282272146
30.79012880114976
33.17410119455235
27.61784205511564
20.807824454117092
36.99445949968338
24.764983685457803
21.219837322677122
27.71830351766555
21.466482312992547
27.239103310892837
27.17971054520945
13.563865875044677
27.335855441857614
21.82609834923788
26.191310137118208
21.91629381239699
20.96005858282723
23.750702033790798
32.88795303711157
22.486898642355907
39.04323715755316
24.817749007191214
25.960401000905787
31.69797241459148
20.822540669004944
21.03720298653377
26.202558591597544
29.34375917839508
22.487090415361486
27.890742365711915
21.700238503350217
20.97697323750662
21.993926317607517
18.706503745953096
26.25209317261211
13.781526409335823
24.434655383997534
26.570244207196982
30.48903145273949
24.926994046222138
27.86910354115304
27.33890113950028
21.53718960704038
21.947408252799022
14.45136275538978
20.18761998806168
26.537361536624832
29.9044852227795
15.735198793922269
19.0864194328109
26.187234405703865
31.026903222018678
16.87752331990064
18.37919743114359
22.31029482633531
26.80458419863056
18.860742581095277
22.74293363338869
20.14850045778322
23.649748226612417
23.502418247075916
22.031132444479017
25.48840999983916
21.510712964523734
22.898196377481597
26.957600593055762
23.818791272649754
33.591793177521865
29.979368939995865
21.45561279017842
28.84447662771109
31.03121596417635
22.798953310001195
26.486570523025595
24.11197395287533
20.336322566086423
24.491403692270012
23.406279417621725
35.76615694573356
31.797864961319124
17.750602920647715
27.455325127303745
21.937832524049664
34.557134127653846
26.435829843043035
22.026895289002937
30.855218473183022
20.251399266562714
27.602675631242782
24.38004443191866
30.03632154856675
28.652668499174432
19.201080829096632
20.491173630928245
21.534097253658533
18.069312549869124
36.09750184842309
21.80833739084008
21.54487131398831
25.665257652341683
28.934148768869832
21.764699832436957
36.37285403622212
38.48051618700142
27.152381671004555
29.069091551251436
27.358015117493554
22.99734598891956
24.45035048185419
25.343523189025664
32.25902264887588
24.254773792131747
22.911494108047364
24.713824209558794
43.28054831171446
20.79438653862468
21.237957462137103
21.673223857813586
18.983355616630853
16.471292088009122
24.941172561472488
23.63557708093217
21.254996193812605
20.73707697641049
26.423503821435084
27.453044329163337
25.328443496080645
29.858260964354844
21.706853115111038
29.666648980227166
28.982685594615365
28.801825860096223
24.402470967982893
36.029867015941505
22.546895240880605
23.376205690688174
27.690085084208516
20.832254013326647
25.056893077586004
24.588255079586556
24.5076639715679
31.756312576185614
26.071368948818854
29.062948456688595
19.46134787820547
20.873237805988822
20.46148361307148
20.764659113387328
25.612581410374077
20.491807644227542
31.798094214890078
21.60907520022386
16.275154936769468
27.049789202205332
20.611509535422137
20.32461093193018
25.766109155814316
29.835088895119267
24.994515872950362
26.96894783259918
21.790293325888133
29.380557960165962
24.056994227545303
19.004627839202385
36.75497395453866
28.78791530964582
18.357910313592818
25.489785127718378
19.211109223915994
36.259875328416044
29.553513297453296
21.868844110259417
19.334188994245004
21.820980845864444
27.370968713958895
30.184835321437188
26.73024188425609
23.96499302563165
17.567900737353813
21.39450694558082
41.69747544279705
24.69732950881576
22.183359295317516
24.629920913417052
27.223891646696877
23.964004966914267
27.005154746981436
21.172057254773275
35.83459818430716
25.387923903847632
25.25303817858925
27.732759574523733
24.16494616563938
27.508786197524017
22.11334247595332
23.11757029130965
25.708524299404093
16.90801734456219
33.93356229310643
18.21409145455552
19.41459977569595
24.10912029468033
17.34496916271733
16.30037219441926
33.0635138469882
23.7161214370268
25.42207123912653
27.995204892958288
21.760029821979778
14.937642961280378
23.070968886881722
21.32886998208502
23.92783466461741
21.947158388897513
28.59339360056875
28.020037419825755
23.82034961186641
24.119037142903963
26.21536930114334
25.296765329970032
26.779672709132438
21.155190355190225
30.350594506557954
25.98313429783107
27.38281486952954
22.965057638685913
24.62094971861045
28.877715316385498
25.51142371481398
30.463811697060923
25.474649195126485
19.255710354435653
32.13306402079232
29.43055263797094
19.67562119358792
24.91425940082919
29.587585878971254
17.16700091262717
20.130789633839488
32.223103589344554
30.932162089875792
25.801778632514285
23.04184468260174
17.222013995111944
14.368257466748577
22.56969247511648
27.024706665499362
19.152314033929667
19.879069715000696
22.903847459800087
23.300390613859093
19.096641199666518
30.79095091384109
23.62249607962803
22.129808367707774
20.417270522360873
28.9021646820311
22.24695850051659
14.371430248385044
24.94001571518519
21.713425410528536
18.860226670269572
24.479121028206126
18.33895476582862
26.681469561344873
24.054390558218465
15.421021759844013
25.309704917870697
19.183858098820462
20.522819743967972
26.683827030311864
20.637434427043974
15.419383754166072
23.468919925607132
30.858253442708563
27.86781284832409
25.910801028028352
31.549196213685274
18.163201103643715
20.794246054211804
25.326273453734068
28.173108604636308
24.653915352623137
21.69843518444378
24.77170446278309
21.89034888278517
23.590724786244902
23.566661564321443
27.305867144976666
25.18751298952964
22.263500418631928
19.080550810299393
18.203096013347686
21.137616811173135
21.342341446046127
34.48759927098441
22.0241613390609
25.38847703002213
18.761611883622177
26.44810770278107
24.07555118914139
18.955378666865705
19.577197262149145
15.947727333231864
21.689015897353837
26.744503554943154
19.60976868133375
31.677962956149813
16.8352279404912
26.277081848618188
27.81838639212657
26.75231274064046
16.251871349270388
16.908953480099154
24.49224605794402
24.058247114118274
26.65871571915518
29.761997822066686
27.664908860555553
27.96044677136286
23.436127874680782
19.345276872590684
23.22651562587014
23.156140525566297
13.265335190995865
23.140043994083115
29.166684166877594
16.680466948505575
26.835911495341172
30.466243781808537
37.489281922374
19.448283337112862
30.54994511339039
30.304231400383316
25.944250505006924
25.43822391902564
26.18317488641669
18.357244833337187
29.62641255920401
23.601205493881412
26.018852907075228
23.541919846485882
20.159720663020753
29.934557447528523
22.63068533150558
24.455550459412365
29.18843819762311
26.566229143313624
21.557827074687847
26.573731631933054
29.76827234662889
27.88078575896795
30.68027354811826
30.368776007595795
35.1158973061472
19.94827137473611
25.587248616760377
32.49236385190151
25.316297421264974
28.355786455411245
18.38934782956899
18.275065040055114
28.273433122238846
26.222733442900825
20.4286921999592
22.042210699908807
25.43513957838551
19.477657569166976
25.003524682280577
27.54523624747245
25.6774489938244
21.372990609466246
24.072995882380162
34.65888926702221
15.001480128520328
17.690696273212332
27.93046730276906
21.14659821101444
21.089380701738563
23.79777903460115
21.946295915651742
24.40707565269162
22.148279255483384
25.483250495051404
18.27805735924368
30.69745847295482
35.35879049136838
28.12990812519979
28.727561119991556
22.956011007530456
28.85079565328509
17.860111848051286
19.176683308260607
19.635624875823897
27.204906734047817
25.60075451358049
22.10623893968279
21.111433312319132
24.816911836151082
25.900945435757766
31.7909917570386
26.853219344210093
27.804837032863013
23.429749892089376
22.477079796997124
27.667260506706235
29.694634980809717
18.765876591042723
21.578377162452036
18.69813037002818
33.22801769588291
28.384383125512745
25.67352535529335
37.439596508081195
30.25718552205039
31.057103511690276
25.73391528678407
20.394632584963126
23.09374449701303
23.21331081636916
24.460384944037582
20.58242010109242
26.24181512812674
26.471659732927858
27.943565092405482
21.586570008574054
30.187821994893593
25.87630997957759
17.85344057204801
30.01611932122261
23.854306818729878
32.88028975255106
36.266614177385605
23.744414650949036
29.354287803187944
16.810707066198184
20.097246573282483
24.942254676823225
18.1359343255583
24.501574884980737
32.008610002724346
25.97981741940972
23.55412874513355
32.04662293906442
18.99527264007817
27.91653593831627
22.970431170795997
25.01826804791761
29.58791196279814
26.586364835837635
28.59078842406191
31.195700696066197
31.622561833862775
29.27977264281638
35.94925641097403
16.04454467540696
27.886846531331226
24.824227383528395
31.006395811334457
26.492501432319088
23.800231965416387
26.378002985559913
25.015491233878848
31.622599659500718
16.379788701504552
23.18611177454568
26.95673415860665
35.686805534630714
27.422340970422695
22.142662951515526
29.342507306764002
19.007044701357117
21.18422731616933
21.41867062270332
20.847673428872167
33.74390500357936
23.661893065589748
22.195822990642878
33.097550834245936
25.44986712759902
27.581776681558136
17.922195222375144
24.419014713528423
28.93014064822436
26.28845774626668
25.54795422109759
30.00134739981327
24.69752662517976
26.742981491011783
25.259730622119253
20.12266328427452
22.568079171916104
27.86908032796141
27.270177107578547
30.431238685115524
21.71160497154486
20.600600786362858
31.7633962507293
33.41957880923179
22.17937183665819
20.668336506405428
22.972845645399964
27.517561278826637
20.786744552274147
29.971849672648304
20.246228520356272
30.58407550247029
19.665674685555953
22.699140367413854
18.038536716866798
29.431089351569643
25.059174935674097
16.478046777489794
22.52249293709973
20.18771678173476
20.856894020473998
37.01155420527286
27.607097672226203
29.36209835162869
33.73407860836673
20.997611987529385
24.62308698317372
12.184010834169541
26.866682782411882
27.014589414621188
23.66191638512861
25.058451515358367
22.361529749028854
21.536675026841042
25.317238675758706
18.11423559600683
20.12325408475557
18.693773093842353
21.697343868331956
25.022381876470718
21.929745264357884
20.404456050479034
23.106749054247153
32.61200312378253
24.24847103765319
31.878079975006973
22.015682702111903
29.390942269868983
22.06307068511347
24.994484968764112
40.80377568384045
28.630014430226957
20.212418006083134
21.385058437902398
31.210218744629334
23.601494261615102
19.912889691630188
21.747667920207665
19.06821225870751
16.607024234685092
24.2602015348489
26.8504670996646
23.02399636846441
17.759446475024617
24.555624570823795
24.022319221207432
27.32339897459748
22.17470666619552
29.05538058057536
25.51778243853213
24.611136515729672
28.408472024392502
27.694412946944844
17.106416115268992
26.40770871078412
22.169481977150838
28.69871434438445
26.61496875109202
22.886578263956302
23.362022581454884
35.843571885075136
18.07045593177861
20.76996065742539
23.34768748698613
26.790426023802695
20.623849069733865
24.645992138297952
32.384290068104214
18.896763935974068
23.190883357736357
28.044466337759594
20.942725092591125
24.4483685836607
29.581267296784016
15.480797530505416
17.411345742718037
27.56025855808656
25.972597504625693
19.899304273465475
15.832446928440243
22.62215981598608
30.561277764092278
32.8808644534925
21.368964779000365
29.021087126983872
24.110794307064474
26.957383394501427
24.79531981033856
30.71744579270585
29.465670058640818
20.70145809988052
30.05367644499959
24.67615155347594
30.664555132840032
19.736949734693408
18.58313958955203
25.892832510966002
20.85391927991897
21.162854067131587
23.744709331926195
27.48211639160384
18.274998304464184
22.981723023746174
17.532619416633803
26.880545551949137
24.53112491869642
26.430064985958083
29.67144577696837
25.841815934300207
23.267172321907545
22.069169189452648
27.20304857577322
20.447389908266732
22.174190829323326
23.867257998599573
39.09129018928456
22.711406304122704
21.099942366956626
25.249959735188387
17.868492020509546
26.84795183113389
31.10570851458076
24.021228905409803
30.860937834746473
22.923127918909433
21.735648199315794
27.404168202668608
29.653029235635266
25.3731148972617
34.716339220875646
21.9606177437886
31.655246786732558
19.343797385564354
24.86814194079936
30.2655529803715
26.382186064720262
18.15375239694604
20.9926024673411
40.94728635230335
21.148950991656722
28.48712884147915
21.89955973900697
20.06063808074338
33.73512870878117
25.884703117869332
25.101806112108548
18.455566177989557
17.91833440862089
21.325624667830684
27.04163847392717
20.656947440768672
28.691799834047313
18.82178978533767
29.086105681712304
25.82875375623726
20.073120792799816
26.553676942286454
29.911624264250676
26.762097749901884
21.493463420728347
27.032361585200174
23.45768272445822
24.603693981689723
26.051564352835477
22.746961281443422
32.85876777342793
24.642955020876418
19.965262534426856
24.154901845016276
27.99409569562449
26.398166561679286
27.150657496685024
14.349677612423969
23.66088013032931
25.48765906050381
27.738610389029144
29.858856898360095
26.97019072536866
19.96037927679574
26.400336200707642
29.11895779452835
23.535160458699675
24.787671023317383
19.79560919512203
17.191963123200743
22.99291016288323
31.489998816855614
25.919456172444917
23.19943187770712
34.93993877027363
19.137201352259453
27.683940262064485
27.5279327984165
34.7596998146585
23.83411188293333
25.077392752548175
28.814475973206783
21.69056396367868
17.752383456412346
17.649467076618127
26.94727273831095
24.672887189374162
25.946380364054598
23.17360798015435
32.8581738179132
23.47395434197834
39.221552845117834
22.02660492260243
25.763399931190893
16.72718199051181
23.183541834711363
30.28183874930696
31.896418215382827
22.18540411041066
19.962237719882978
27.33903201739569
19.764276762879568
23.575771230812848
19.92323301890143
25.514654848115924
27.606318609095403
17.967762384277652
26.193362993926144
15.994604917364919
27.281921291363123
19.769816527570196
25.32834559287302
22.504921759405324
31.127177231116953
19.843150670137934
23.016825683467296
18.83276489060146
18.8348838637476
14.376237152621322
25.980325665853147
29.445659826827267
16.629575427042298
26.5068285013901
29.399395848384064
26.491823002054915
23.251358576866814
23.432409045069107
16.326690774399733
25.631869394046234
27.934506871513175
26.21221909160186
21.400914547200305
20.725065996834537
33.092148267267156
29.41548118238515
21.067865630929496
29.645376262070137
23.42776114559226
22.6620979974516
27.590157980824824
29.190253891520626
16.631128195803864
14.792377339267615
15.709982474586818
26.991144973725916
23.141970902270987
23.73107944868318
29.86321791524578
31.986726730067094
29.684759696512774
25.127540223441663
29.41143413742242
20.0072999298126
19.101590556864753
25.47262677770611
15.732316230799041
26.042306606322196
25.130646085121565
20.38820070418526
23.12585670756965
25.65076641586008
32.55368393713289
29.071810846011203
20.30058975201122
30.922632376415656
17.27949856243864
25.856505531223984
23.964430567370957
20.87458768098054
28.059533351335865
20.50906525997151
31.83636226061601
36.61419945441637
36.16094769861796
27.131820947587546
37.55160077079122
20.56933060897483
28.519522798797002
28.598695773768952
18.86212049994755
22.707025804671094
23.148675866434964
21.502649743258573
24.238901285439834
19.38857604791795
30.819626786450133
21.744565965839712
25.1010806880243
19.119207492765444
26.283950096362194
23.501802568928344
15.455704722862627
27.487112932915288
20.141340005837844
33.444264181779204
28.431412826585397
19.18657875402878
20.83034746573423
29.40829157728082
18.326602612100686
23.179545808248466
30.626851102775518
19.116071332935327
32.08804780361339
18.40292302051656
23.55639801818537
24.943135731602368
17.031592988453657
31.043992649795378
19.362930237292414
33.38662742871759
34.86660392545785
21.682876605203983
23.616430769448844
24.4614120143221
23.66988902612783
22.13723061455213
24.32470760212818
23.419298464858535
29.586151992376895
23.314083278597383
36.89136265614926
33.50871719967221
14.166290718171723
25.4732167587947
16.06670978411848
23.743445728652482
29.34110502498597
26.085726074684885
23.348640597511253
28.157729403345005
19.40343447568457
28.83672816534504
25.16119074505732
27.108160320518294
36.4113806713146
32.640420011540265
34.63590916065677
18.16799096127823
31.956500770945826
19.887725859832805
24.100974682647085
24.88878791553843
23.129276307137243
24.710707110024686
23.86496599921512
26.373563807173436
28.887305797899426
26.825949810123046
17.840952844924484
15.593196235248667
27.46321324226892
19.091277485382662
31.22554298927892
23.01974829973791
22.782711213874546
21.476855454324692
24.267496818311468
23.740618684460035
22.600427315942913
20.764785576292233
20.114577143599245
30.971949308920067
27.86214332887334
34.937967323970895
15.336191924911237
24.696975230691635
20.79517816905455
28.716322290603554
24.139287225954845
26.68185727270609
28.072943541697082
19.965273827765145
25.148996147950122
23.980893954845076
25.45393421781997
34.39639051374241
23.858134483041948
24.490524680648523
32.72656364783534
25.065718344121734
24.275143385244615
26.837313964217014
23.398654644884175
30.357372245744
28.664099264772645
25.501362715913107
20.965294074609922
27.0878055643342
22.427742922198632
23.161549517210226
22.934810577895785
21.748335710842632
27.133765919258295
33.43476148441905
18.79580010005019
23.981366155412037
21.156569672311928
30.08394659331964
20.012700821296953
23.197995103265654
28.494095654633718
23.754509749334076
19.600391975056393
27.003177742257254
30.020364964764134
32.3153758995735
21.216482718611594
22.172575528322817
28.319135200910107
28.811595505757445
26.95388938948947
28.904650494587575
26.695354406176467
30.787144484459322
30.059272155018622
34.40961648930771
27.568855210382257
18.16473843435123
17.617248539540533
18.305968902196533
31.633017156361596
19.813325379716538
30.955473144639274
25.568289329544864
27.570942649645872
18.108430086320848
27.12356632324062
18.115560167186295
25.550739818042963
30.087206032084726
29.055462324305662
25.65597978237118
30.413194197208647
22.043174131380717
24.737730101683535
24.93068025910166
24.443763377308805
24.15748996773673
24.65772070543592
17.21442055965368
27.468739118453907
31.1089639258962
25.11645288702006
22.309011448125933
16.965010295724205
36.43476160830974
27.472753711148616
31.275502839605966
24.594609460516434
26.66473481582696
24.070014942863892
25.17875000829825
18.510662977843324
27.11895728882854
20.237099867478253
25.584645915569553
20.02992602219911
34.544737880788674
38.215362429361946
25.61867307070192
23.109456334976876
26.784161117609855
27.60509249744765
30.736648196896372
32.85032416949531
14.367669641030854
33.68109050984634
29.87247019004316
25.35801406104045
19.865787398862857
25.298345390401984
23.932267411018362
31.223637822658645
31.34032933256524
21.870332261491832
18.279699985611735
31.473009878280315
20.8779935271506
23.214649550602996
25.365529799268455
26.925577399189734
17.874165059839335
16.490502304497102
30.32740350726164
21.30803365045396
19.835392306377315
18.4027596769929
25.81061560935209
25.764139782459104
