20.11625930532311
23.789081182965734
31.467995134107007
27.522767893909265
33.45910565531706
26.100041748041058
31.003626114492043
29.125994795234355
29.006629357198605
29.133549569546958
30.92534243251048
32.364886264751966
28.93072878852253
19.837621477645865
36.14767776390636
39.089616230718256
14.763107156790925
21.5574616876236
27.38622080033924
25.914116007152728
28.225402217724074
24.777306752216397
21.001508368175138
41.93874319816935
34.6858036539099
26.25028083189911
24.38761668274279
23.774348896139283
53.66880405092405
34.988918207601955
25.92635268260041
30.75460479971824
30.547172586155888
31.771007124027392
34.21805176680355
32.165643902770846
23.29205039213965
34.69753031014741
20.674781146498578
34.74233975328353
29.463669456190505
32.0452957192194
33.0601725004326
35.731825672747554
44.21274269693371
25.876133140967887
36.09575555188436
31.566516907996988
28.616968846716514
26.6795848526656
23.83859929155621
22.684104132334543
26.75154018275875
27.14591542688538
23.973357681893805
28.69757687409505
27.474351445558355
26.3157723074736
32.937029156859424
35.582509156415476
23.00394473770309
23.134728419902984
28.38996997427007
35.63371672968577
24.9885811929606
29.598086946016743
34.50700933889792
44.426506550405016
33.95417195421779
33.07012387932823
47.206550649048076
28.281579751231472
41.5362948351915
34.664403012273176
29.853213015371754
37.97744778466094
33.34007965418368
27.48700675331952
31.009159838764084
21.20978096927248
26.11856889934147
28.955098350149015
31.364605899377256
26.25503775004168
22.639311448856976
27.499935835063663
26.280431519096975
26.616292948341254
26.370995660331516
29.684335587692075
24.15395553109816
27.50770725225112
26.870869932617868
32.928389941682184
30.095603276538007
30.73638042923856
27.055972154496786
27.474315509311836
29.624906706671467
27.879173651252717
22.02229799327557
19.482190634337265
35.633146898686675
31.20072813879898
31.713341990383647
31.729800082422827
35.57327449805643
35.55898357491778
23.82522749228549
27.539348379840444
32.465912428250654
29.4037133195427
24.059040303284647
28.55891706043319
32.36353705493867
38.405807778078874
30.17961435978531
26.94643970933076
35.17538643735845
33.89923452527512
32.75698793557341
40.81421870684063
31.658560785898466
33.84531527432555
27.33541136767147
37.16366076046174
29.224606436349863
33.685968680197206
33.44579109569451
28.863296871880138
31.106283171842076
37.07505550260219
26.195385300268608
29.89001577734633
34.98419613296934
25.175209596707816
26.369367206250608
37.47021330972809
33.809840159280036
29.76961717490569
27.627287583992583
29.016064633162177
35.399749442355066
32.26916016963588
30.143730914891535
24.940739459519826
29.98092888544331
29.422792670789406
23.657864972812163
36.269425880504414
24.93721351817897
35.28508098895814
34.40191804902306
22.506098824165313
30.425122073253913
17.04805684773392
38.47153121528555
33.70387809866874
35.38493277016316
26.739174133082415
33.8563953182286
33.75923094546698
29.182677913128177
28.57616540928619
25.058231225424265
32.84154153212032
29.981544615674867
25.595436319527817
26.589620174674597
26.483510415199643
31.586522878110284
31.54119773601342
33.0445871501735
27.312250965183598
24.879078072788758
42.25034134879732
26.91330398023615
33.31560905085815
24.752944490374706
23.287775868970893
22.96799917999006
35.44651378063982
20.32164366760341
26.812285447784312
35.36863271053745
31.808439795103254
41.43428459195214
29.25311003809884
28.376320464375663
31.181154109080943
21.403105538496597
27.34538545210603
25.91399244503016
26.91254332417045
45.93763196384238
35.29579598550311
38.36433881084771
26.971561403757363
31.993598239837425
19.922567221222305
26.95490170230509
25.01430371292423
27.22566828729123
29.55937979919969
36.45620050541157
31.011419918052685
30.782909397067254
24.38736330237403
44.84317569047704
29.74827349519996
26.088514892635533
35.200840115267304
30.806684149454572
27.122661516455434
21.08334569270626
30.46024763673384
25.147553122933893
36.20989743228026
23.531383455015643
14.80805745446721
32.40213157780779
37.28622939539241
32.349312529023145
29.991958976373482
23.622598777581093
28.537996500475916
27.71432845221032
37.24320452883736
30.082676532505953
21.992594377632404
36.00087610086637
25.466215323086264
29.260063825365773
24.90604980489293
36.4330926204172
34.316769207217135
29.092353417939425
26.682123719394124
36.84353192778724
30.289063690584427
31.765204637615017
47.12508362006376
36.626283108103586
34.362084977114186
25.53728005092512
28.20791969270328
34.13177712769029
25.334909531415995
32.20712924782589
31.40266587792896
28.749258365741806
24.61253422043308
24.386842277365307
30.427398977524597
38.89569495807383
32.08525112294309
27.013724524293867
33.460787031505085
25.286964509389193
37.01263694805177
32.49404577019094
24.28970385091343
29.57096265522256
28.676610792522453
31.302198984337707
22.425668872044714
33.50143128212678
28.31414416571463
33.21382458364377
34.40372081603204
36.57934867513006
32.25324062893491
30.00908969625092
32.82171994049395
23.7163331651649
31.95361783513032
29.787889367605025
33.11063497993105
30.381703827103042
21.813952034021668
31.63416816721812
28.145864953237762
41.07105968260422
31.368260951221615
27.3196019800015
24.804011980241174
28.883559098525765
28.03036963784171
35.75177975196112
27.189984484770655
33.16551178081502
29.56784751802321
32.90404759603964
28.08715023762766
23.187792862919732
36.47707474448659
37.606520394376325
25.595851418574483
35.45108458644563
22.9982403046624
34.63156761145525
32.09065062913386
33.65364679092875
27.012415437342344
23.14153128800294
27.354055330021946
34.423373528830616
26.96916444246931
29.463990557334657
31.602515281571616
26.278087425468144
26.024385478945984
30.56105199505011
25.67948159119825
28.79106725349567
26.255898572147117
33.98411283611095
22.674353594897106
30.78517724479298
43.86032408059764
27.247384271743496
30.776405240442386
39.34172316484933
16.62901636015076
23.88888827084518
24.520753071830974
30.06640393584135
30.24598175985447
26.15617452660012
22.563299021725413
26.232802227995872
24.931396237595134
22.605440333094133
26.572645208488776
38.87244019194406
23.49022957282122
23.371977305293967
24.45224874256406
36.06162191210598
36.765523576232894
34.80076461212268
30.04570769166514
28.33434526372132
34.027713480830975
38.97103698076311
26.0399658185543
27.782709964048717
24.693738512716095
32.05694152302442
20.207626175591816
26.80511639794845
26.33796424271947
29.194130830850572
30.014639367145467
28.45536795511073
29.170985114773053
25.6841984127592
45.626221237231334
21.674150117741014
32.22421098717491
20.960535924466733
30.81632267350972
33.357570218218044
39.30605197854664
29.042949606409863
22.81515355814534
22.600888139584292
29.498961809687685
29.144184796480797
26.737747352200273
25.813650495623932
26.01593673535374
38.44589819388171
32.463387808161116
26.244173684727173
21.94416061816297
23.25827847701312
18.82260398226644
29.34057796062397
34.5429609243242
32.03803512340954
36.22253783502048
30.295982305348343
29.84008987395015
31.20358566751023
29.419574151618484
31.244720964574913
38.66609883720358
37.25261394875813
42.677842052668204
27.10554076245438
17.682210119106863
31.293422462304587
38.60555718296649
36.236951419810836
27.161298857715654
39.582303145036036
31.167723019428124
29.34446016050239
22.982398103207633
36.731537175620474
35.40578607098849
27.319935169510632
27.29545250455325
30.38139971438429
33.38906633860659
30.00222317253742
33.69487755671761
31.79316595898773
30.50088105008471
29.753053880734953
32.10670329110646
26.96433541391536
27.19314504643022
24.900618004188132
42.55250352262673
28.07396384111388
33.0187855250647
33.920634042530814
19.49423628052886
30.227483939550456
25.3263230932023
38.87026208178378
16.233724717948036
27.25651463565056
21.057849112033733
35.75337037893036
23.645420420589232
28.97852868514936
25.402502938005185
24.41361685968333
26.84601293163452
22.35756022206888
33.36535501178193
24.581571838452536
29.504112595248753
17.62176603075035
25.83230847082367
27.33671163304764
29.74142903143131
29.576413745660386
20.697157731509236
29.900599278526585
45.2821858577937
29.998478045996585
29.722031616336537
31.008864009210942
28.34941550429206
30.4731450228084
38.117097741262796
24.721773177462175
31.897799056828926
28.998906488278163
22.347025528313807
35.477974214496335
22.319596172857377
40.85726795015829
39.25186764338731
26.17220474804887
29.402996399933517
37.22454884637968
30.583473989302593
33.2855040103858
28.207642074988737
31.24057221423766
33.55419669922718
33.376717477411525
26.962009837268283
33.65254740949357
28.63463364938833
25.851432668215626
27.12077536063195
38.8416122168512
30.53632648213817
27.870728973234606
30.18028358708229
43.49523501003282
28.129880133869133
21.13847859492719
27.66022546154162
37.08554356836579
26.408370049663695
26.722615659886053
27.84460884654644
21.928996381980266
26.381049695416813
36.25730123500513
20.700831566866626
23.53666063829091
24.442585461835247
35.11589613042471
34.381559633322354
30.346587410159504
22.194295708885498
30.008288967065713
29.943145182474712
28.96300098984476
32.35665189104581
38.80772366426557
35.97057887786426
31.70777149687251
36.62137509988702
36.219159543517776
18.029898648652576
28.877919845431798
27.427088248859995
25.568755463543337
38.30627576947314
33.327609890124066
34.228514332445314
27.750051174290153
33.54185419607423
29.90338958468408
30.70744055792191
23.69174805839267
30.113061439584293
27.473642510481675
30.177255803970283
30.839914304911794
29.52845630303603
24.945275626769767
31.048127979827374
31.601762483101144
17.62039636794177
41.129519170557586
21.453197309049
32.53908659462782
25.82238592570313
28.2922679791766
39.505383105619444
34.21855531893895
31.31225117486383
29.374451253682476
32.6460441408532
26.94893146875705
33.58394948871606
44.67802371888716
34.94840057601305
29.39385363471871
26.419065095875187
40.201964725629836
26.646722655733768
24.7873742378264
31.626234959518435
19.54314203001636
26.056953488844353
37.95031177028664
28.02153584131271
32.98205324142549
36.27749980282041
28.677378629718206
33.236799429944035
30.127363225245606
27.848931367838805
30.108836422381355
27.757713633336564
26.064082084961655
33.392714867186235
32.19690748212959
26.46172530087238
33.91654806313285
29.019271650923457
32.84883897881537
28.94974858007738
18.847333907477907
23.432617106636723
30.303997647858598
37.48439700629922
31.15785109413967
38.15175406876069
27.171830984941018
38.53428994173764
33.347562166429846
27.633333405506267
17.923691730012887
35.5859512007912
21.249289760299384
21.81593489301076
38.85998197811397
35.61983605312135
37.85239830985092
24.741268491082838
19.74344583898532
28.684691039481518
27.784313063834805
26.607980458535064
32.6106076894942
25.961535723163948
29.05636787531457
37.09768317009427
22.557766062199025
35.215389057915225
24.752304282338418
30.081851547410306
27.174600045025265
27.164411252946888
26.90586570615791
22.174869499164515
25.982342169327353
33.919257126717596
43.585120632441566
27.773708633842233
33.722198091054636
31.34493749912356
27.572445022527287
31.16157505387025
23.15907535626015
36.516017084290624
33.22843375859722
26.73896387261435
31.984955006279648
26.210632573448738
35.120716427888
29.057734881896515
23.763994429140805
31.342349827090597
24.36789976363188
24.025445125948792
23.10993596719429
35.67502827468486
34.58317969054981
21.33519915380296
34.04004386920308
27.250036367521055
26.39917564702624
27.099451573434248
31.779738410679798
26.68525688468674
27.06750483572792
35.04543038971218
33.18906234360886
24.39456521474497
32.38777911884831
27.163657850798852
34.2245165305596
32.30838801874347
24.185842759950784
28.623882670539132
30.862499159563434
31.9164557668186
24.56054561643609
32.05800111654709
31.646287553443383
32.94695711276062
27.943916117438423
37.067441716556
26.220005548408583
29.200644517224855
31.102062822380105
31.23497498101514
29.25242481687749
30.6806386022343
33.08688071300459
28.647624229079256
20.60287290659853
36.31347633163409
17.63364107209671
42.68706311331577
29.034600890474117
32.60777416699476
21.600529833019152
26.692258479733486
32.412398081890714
24.606454777354386
34.428367324882416
30.21124605904571
30.020325219268834
23.399857834956588
37.49029592063701
26.877535894069425
32.693548430840714
35.153804801943664
25.59467879146081
28.116740125070915
26.44810926474778
29.003790167052955
36.68320469452967
26.239543210266906
35.36390791046466
43.1214224969169
34.912225631820796
26.096220805731196
26.996073550099307
40.616206524345856
33.56419260116
32.894904859030945
29.456473903804973
20.84644233014545
17.202929691339698
29.073517299998127
35.369697712732574
35.0998437324194
38.197275726627055
32.50119141612673
20.71257167114069
28.166260840910272
28.987605844266877
32.602522666726
28.57570059121948
29.188071089885824
23.528453395210377
37.20797072247817
25.57155154726036
26.372771159330178
30.745744978520154
25.45220533121378
34.692695545260406
30.70316975762696
29.83411161097295
19.409348497467956
37.71795872562538
29.187947557232217
33.63470228097929
33.869416829497055
25.82892853519762
37.35264142773276
28.05505572758553
26.279084254714938
20.448562294681874
22.917250384220797
43.20971235739269
28.897087728277285
23.302185208561504
23.69269799507165
30.305012288692044
23.06031369046367
29.10814084847335
25.422441456611693
30.19446643918229
26.578543919996
25.18628691827948
28.70688764344039
36.951954737549855
24.76550216903328
31.84907950094992
26.905497106202255
30.675817319095845
27.719324056043188
20.274438519498275
37.157967722601796
31.345351720210083
23.814965733066092
24.7740850438575
45.81023372726853
39.11754385021634
28.72022018136315
27.048774370381775
30.786161655035762
36.40180583092136
24.991210031494862
31.089132136860833
37.71936440466224
30.94048827403019
32.05280440038815
24.709131587190654
21.101476369507964
30.492714044029775
31.120773147389485
23.583726093517797
23.411621250318877
32.81285961306893
24.67113782740873
32.20425840356395
40.77184404278495
30.832415109005606
39.78561551909434
24.41713882846766
24.271665959257394
39.197592006493906
20.247413018450164
28.22466040922184
42.38709032258446
41.49518207943773
19.666939066527235
32.559928288932426
26.461912621987345
44.99539508292143
28.125969208144618
37.10238052896894
27.28230242700773
23.5641654297517
29.527077428678997
39.74817925020246
32.529791246844916
30.81159908365949
26.430151287556328
27.268569062163117
26.394990246496967
26.78767996711777
32.53346292934603
29.424944069645164
37.5098600216905
35.46070672795426
31.787963280725144
35.36913967736119
37.884324645716234
33.6778434146647
31.477354470267752
37.70106273231769
29.20636196035348
28.51154973414026
31.378372917462027
17.92826019278798
32.498907293540526
27.429323621068942
22.145139422098218
30.62037271144806
44.435496630788755
25.024360190487275
35.795314419182155
26.841797692111268
24.64621908564891
32.14095343125112
21.275247395202022
27.64418780797771
23.655699792400966
26.020396428633966
31.261768476386383
29.952573447296196
37.94829158331625
21.9857265781508
25.280150899457492
34.37154743435636
41.36711860746738
25.99011757682192
26.27529637547728
26.47066630267716
23.07429146093457
31.948279566620258
28.772349327269204
28.433199631090012
41.76732093349213
22.428135945786224
21.691432177861827
23.516259864835504
34.617609693183
25.809076177416376
22.460920383938763
29.372215475916846
20.678057007677122
28.766659683847603
24.329208430054692
32.0222065649122
29.806495386107606
31.340900258936585
26.561233734542217
48.3876587153586
37.44894103054755
24.976021307161165
27.66638543863973
29.23011322839972
20.18870578748853
22.476515845010496
30.177838618740044
26.482139928269905
21.254601141893925
27.790814944621467
24.30499550800622
33.48068611042126
31.592951044127368
32.27059201075741
17.895304222741995
25.78738249898544
24.678717054270656
34.61149827942419
26.068039883856535
19.110295721579345
20.53372421622811
26.003494484692432
30.24618982043977
32.10329007701298
32.51473445180059
32.81557344439688
21.042619597124975
27.56832802580207
22.63509946301227
25.57880210457893
35.674098957463194
26.629027851330786
33.802412793949294
31.03946885123654
32.33574576291333
41.360301151707006
27.818954592119198
30.497226376164754
28.18227238219708
35.41883902788901
30.927316956687484
28.41078569173023
29.89172963424181
30.53058216024559
27.90839641318522
28.34055971369073
27.17123022053497
26.415447105071426
44.976356888837906
20.52360620938424
32.832587371811066
26.392132252831548
25.595798728699652
26.79853738562061
30.98987010864427
30.756916702554044
36.15700022529735
28.674092932061598
32.792573051241455
31.09051170257818
28.244060872159523
30.982609975184122
31.69478548949619
25.074211403756905
36.604454907129764
34.9640269385639
34.539307324775784
28.417340127389515
33.36198161817792
30.61658795215896
31.581218815515786
26.339289320040077
25.623791264457136
29.888895908296053
28.828058992912627
25.748540106492605
28.686849962212598
26.148673089606653
28.705933297725835
37.29525263784383
41.51529618009119
19.22924774105531
29.13016456675344
33.813441760428745
28.345840955078238
48.19986409526474
33.96440042986176
28.77102984690007
27.37462933812931
40.06496577621177
33.43765901419968
35.79363539936263
30.7471198278578
23.560259460577157
31.411134056792516
23.40267796074275
24.89782612266791
30.03207606308118
26.33944321556189
25.214210460853266
24.455352747330974
31.30116523472269
36.2500698137605
28.521924355076806
18.67048369972315
25.504316840925544
36.47252874579888
37.11543981464903
36.65104838018936
24.218298713128323
43.58583860528897
24.147293189984378
34.67244070741336
26.052801054036326
33.10804830220079
28.977369168047552
31.45201897223541
22.74660017146095
33.15158868225019
31.959630872358236
26.852826223296216
25.94283589846128
29.242438428256122
26.530267589035507
31.465797443277967
24.582043679413367
20.089281645567414
41.18626373818191
39.0314671815273
20.87929725641981
20.355534496600146
32.878056489862466
42.005034501479045
30.191966710848863
20.96054223401405
28.08834869905
35.47464180849937
32.45354922851371
32.95960135908017
29.23007363274435
37.15341102507004
34.366721709539874
33.03013837732486
24.206085364885535
25.343812732941696
24.200786189268626
35.77657504731934
29.904949150620492
29.40850775555442
30.299086189721006
35.099931641921685
26.90230525710539
36.0002112781539
23.811362576681336
24.791917782767158
20.317094113901575
23.31184094880442
23.56802436335885
36.05602766886624
30.679778181459078
29.976233333473413
39.0879663977073
37.19896166486944
29.275942079129532
22.00598255503879
26.516488529413948
29.721800770098014
33.63092936099795
41.756122492065295
27.9297285689956
31.566487893630264
30.791909048866255
30.65278670332612
37.51723320742776
32.891322941502764
20.361964588540314
29.02674905025302
22.13914398649107
20.716380711974406
33.975472291483214
23.585240672632665
22.39321167873425
29.17400559092559
24.6857021556353
28.893714884638563
29.543151645474833
36.46041305543728
20.169554079937356
17.11173845013
26.173368621927818
31.437565905301188
33.2302650959191
22.23695294375273
22.530485621031126
30.533736227599803
24.565150227625104
33.886619969531
32.35070591979362
37.96828329070307
34.918844016162325
49.703637824985215
37.26162588607183
29.020691264681588
41.83434216736362
29.873804452367782
27.03584768669093
32.87112238198751
35.59338828992062
27.777139347603047
30.825975167566618
26.730715883994865
33.99673580121842
24.25027602932733
19.066464436675552
32.75003359687554
28.058062286827294
33.43476782019674
24.224458888951936
35.8475221842149
22.127588236672583
41.605724006385884
37.84822225068931
30.149758962896843
35.40557390544805
34.20058289970383
25.45793241817204
27.608709118819444
29.957820896243685
30.098515642776462
26.316593187902406
36.80330546157592
21.836721763148354
34.12759539477096
32.615348227034254
33.862554936990506
25.58527010289605
46.6827838545145
37.06453262889265
