8.455902442501076
13.160321098548048
8.689665550067685
11.755556459433985
10.084122815222175
9.272876877081442
4.633545272558044
11.554529990921738
11.7824040266251
13.606626440464229
14.631663657098954
6.846502450520212
13.286235606533285
9.10117611186116
13.929246303207949
12.512063838376276
6.446085167473849
6.904467917498962
13.076682941994783
11.568530111797417
14.317315651201715
11.102335760502243
8.229308298446918
9.234681621207672
9.649239943439447
17.381798043647517
13.199570385575875
11.239268075838291
11.182682147023986
10.951222095901281
17.446648274472828
8.112265699072596
11.680102398150078
7.819433065694726
11.965060786427804
8.753112257772223
17.739317999822227
17.384314332814654
12.204501124845514
7.182596434557292
10.121035127773713
12.225866439046204
11.797736370275697
6.071051153879083
12.211550870666674
8.48646520828564
10.305591965387988
9.510803935481185
12.299085946630814
6.378084906486434
9.244385191625875
12.156746291406087
10.97946214210087
12.39955531090393
18.021694817356508
14.281060685532315
7.5935512928538484
17.585058742456724
13.374617205359767
7.698506413743244
13.150922569096064
10.650020732322487
12.610932363338367
11.910780392059499
9.477930538311945
9.020770245613265
6.629770730409169
11.086937323601008
7.132664806723583
16.928662047173994
14.778681017631905
12.461070010674378
11.22058219361076
10.414672836813606
9.749377393280714
11.8275971484174
11.860069896462804
13.971679436232618
10.831570168446603
23.83919755021425
6.138625210187723
11.10505206593717
15.715051229084645
14.806410004658868
10.764784338575534
13.06654228787531
11.785503652339916
8.568894791544086
7.8340503747717225
14.131316149824544
15.166921573850743
14.624222629315568
5.711306566315087
13.182655387273934
10.126146064302963
11.111845023613537
8.498262991610234
9.103270555791722
10.490372172369252
12.92605566178343
10.896126297225386
13.9188068796228
16.529022559402325
13.13979286468025
8.552682888999355
11.951955055234768
9.772796064436587
7.616541594337927
12.001014365459017
12.274499719374205
10.530054124021415
6.194621813846169
13.337123860660903
10.71411213078893
10.74946274200731
9.568090019159841
7.514407873184989
15.115716214655528
12.689531690311918
12.310377973865297
12.49331937111094
11.322118857836411
10.159590260972804
12.199564978835147
9.883584654015104
10.626174677923965
9.719762013355787
6.839274670575064
9.508455021024552
13.652109562331638
8.197550716092563
13.073125316330007
19.83970108135436
15.190874588989457
12.94841403255297
18.35498897370568
19.126686324688112
8.61690496536103
8.567484344739256
20.126455076316816
6.874494729326919
7.7754863193579755
9.011159042409759
17.016894352279458
11.286066029486982
14.201203338444994
8.424861028587197
8.301489444912058
8.236998081778353
7.578623236490297
11.603268308072941
8.281668046192188
13.26091611880044
10.793301568306475
8.551841424532684
9.627078216834374
13.353645104472797
12.036556981818467
10.925533046525235
12.546800968616044
18.741645446751903
12.74634277052165
17.270583840279762
15.672131284676801
15.048640271058886
8.949898058861216
8.773805091654689
9.566281136409145
11.451281907577625
14.136067320377203
11.788326059127906
10.892363055159452
15.910298810132014
11.242725670254975
14.231059151084542
19.825216338640402
10.189311884302628
10.244354688781499
8.332495929135597
12.195348336950255
11.111818888311007
19.023315380585363
9.477348564250365
11.01146449443566
12.35866152493043
10.058610765943053
12.580587096371858
11.741571278559189
7.805561042353103
10.10867677370303
19.291409678251167
9.975884006450624
6.890758177413188
15.369412229093122
15.145609997608982
12.230014024989291
11.67104707432603
11.401768580002557
10.02076377708909
21.518408853615735
17.983702500884604
10.819132873390998
11.373787262245887
11.088677141682627
18.0914246255495
6.172385634846152
11.705086757914893
11.987483781570464
12.372352052091763
12.735729151726154
11.211706600648776
18.645674166792496
10.82714939341488
7.257415355091708
8.332244014095762
10.178105163743226
11.480071878172394
11.138840969183336
12.446610460379276
14.638667201167834
12.60708581050352
9.689042506683867
19.297004042509645
18.90784053406695
12.89563642736567
9.247672292944811
9.490499285700245
10.30612590021125
8.38886996069907
13.70237473796403
11.9527094125671
13.386195284456694
11.061651062933649
7.6514394770824286
10.358480997633066
12.37003908027695
14.986747001179788
12.877513395363403
20.29074150355743
8.873222129345868
5.779828864959416
6.313774666269512
14.97189390374271
7.349612890690026
10.790427694739131
11.507228055559729
9.081721046193014
15.970965172253416
14.10642796800114
11.445038790608471
7.187119801132011
16.81411679649384
8.716501982444587
10.41276135856779
4.7016172622387735
17.569765653798218
14.065945743657728
10.43224071943975
17.949894817757958
19.9341503024389
7.766950929574016
15.072017379969836
11.959394212388498
14.357946536722503
11.664737368899399
9.284441568565333
18.26028223220373
8.81862123189738
9.38944330328048
7.356831289983503
12.362919403640387
19.908592682795014
15.042923419193025
14.92668155314233
15.330588648601166
7.069107069174856
14.474556657514839
6.261833611288994
8.371457596305696
6.43691503968207
10.380228158044758
9.948778619323175
10.024585201325099
11.936926342685899
14.215657990890762
11.084978257167064
10.04664809455925
13.563000472782003
7.714931230368003
14.30259450349833
14.497041656520125
11.154953441781261
10.018130879253569
17.535205567362762
13.016399597850874
12.161815089713118
7.565126844233139
7.858886326800022
16.881516037007817
11.696558679597114
14.192540461829712
10.49593802062884
10.121983072118425
9.829860136601015
5.791968080736932
9.02737152497707
11.821691683668519
7.855247097754636
16.584489878035306
7.916642927930699
9.54580142947541
12.430719266746497
17.151694231978322
9.835748870058312
8.736097494521063
5.318093270106196
16.8761646096964
14.88671476456627
17.075012552521493
14.196103740698991
6.130368430457657
12.521596364122757
13.286829227574472
12.813832368304368
9.332412231143056
10.050624377549731
19.45229037449355
17.286910770482894
12.387784033481937
15.465473592369515
17.71771021055929
12.75085989974654
8.685255804676148
10.079197005195756
16.175106192315315
9.23246833127267
13.878945244149213
15.702452751633064
17.762288756627306
12.054801478334568
11.070589232435834
10.095711156965109
10.150909117394573
7.132724900181948
11.44101128944765
9.055377947928921
18.060301937096735
16.140244007528537
12.81693102531327
7.943620485472979
11.862499135414362
15.897780516991178
14.690315139553789
10.324004051506005
10.620379463228556
12.169722123754616
18.051568374703486
19.444030533088903
15.947315210126211
15.799224542977676
10.106578951559884
5.491548821681987
12.103973876521724
11.635727897430339
8.822408703706822
6.515535672655556
13.989349838436334
13.56681830069834
15.132999370026536
9.182254794969966
9.29872934681125
12.256673330715113
11.802962778559102
5.784995161954011
8.812299272425841
14.434400116014313
10.148449648378019
12.215890276544862
17.909229553294182
9.617063999355466
17.58854050445117
24.918421240574695
14.92535575379672
9.865677077213146
9.449508472338355
9.78333759461563
8.296632531355721
11.553163752711068
10.984499419699224
11.875276751589967
10.516770612597528
13.220552938866858
14.04897811369501
26.432649625710873
12.756922606560751
15.520019564331502
9.175142971054523
14.840107215174141
10.493729042558483
10.2681657077343
12.557383635115173
10.9119341779592
15.476977246396498
11.951020942512239
11.285038387168292
20.809988134127615
13.263394832929981
8.198567215572872
7.459582745112185
8.683353172185145
10.329554707305098
8.905283128843813
7.560670264019912
19.347880528325142
12.161083578166618
14.80665624970885
11.722915906938196
12.103467149595087
10.298672512414619
13.765718555274129
8.245921786796506
12.894732020270258
8.00449501224048
6.279405760940872
20.684809434693882
9.803940596268724
10.023025011293278
22.61726643614305
11.294789487282284
9.772493976468757
10.151242270305142
11.161854959936589
12.87784919226599
11.965324664222194
17.427658275190122
12.276981334003892
5.403202896136899
13.178638701111039
12.133087528868892
6.559181243662741
9.407701962655654
11.113173546861276
8.564760394124164
9.83518351786742
12.031308445756862
11.242131545240078
12.947854732275376
6.707196454227786
6.0994480495939545
14.839897774707978
12.112381768949259
18.75959757486022
15.150237406939075
9.286899826757898
10.344086778681142
9.881676370946929
6.959368033672115
6.398322816445865
8.665609571436816
8.29883984104468
7.726098214495651
12.033726224559622
13.820094983370446
8.42903164833334
13.628822481113156
8.567030963074176
7.400664472930803
11.89920873366343
11.088918772994395
7.416279672572843
10.677399800907871
11.900182437453669
12.713134806567373
12.08813844237369
12.67049960441084
14.923491278737307
4.530107098903044
12.542778870881508
12.532632950208038
13.95506298214836
7.676867622935567
8.18555678979583
7.342891072572832
14.482371266239983
8.576090383806502
13.253983737951675
18.058570700398995
15.50824171060713
12.338316384883628
10.433468540385133
13.2762667058266
9.571775358846285
11.701461465869881
9.505159175493324
14.302273658319677
17.162133935594667
12.922791182161749
7.599645815239458
14.728906160352247
7.994403507035271
11.55738431975431
12.488162010949445
12.827355511088761
7.913979672543122
12.834576169089882
13.103765413675006
17.48555043197467
14.452130340646201
12.845101712918257
14.762533958694377
18.070087725290197
16.40786835469727
6.106469962418181
9.101259285296184
13.987725029818858
13.249759296505575
11.713329710689086
14.112853296831513
11.602741229513162
9.756562413963898
11.288728469362528
12.4646337203535
7.360678478579345
8.260159969036108
8.185998550664682
8.584269358503903
8.937857746128206
11.975258575935412
6.0158870459461795
10.797965771509759
12.767356488737008
11.680662262295055
15.61634489625922
22.198871927637473
11.774535146106343
12.058308282252069
12.526085252751638
15.270511320351254
18.242205763542376
13.924554426233431
11.663521392329008
11.404715270422015
14.859942844361415
14.369199783815024
11.192696583526411
11.752001994315235
10.942088241117691
12.967336317151888
14.079087582837818
10.31991719921174
15.50243427452266
10.398184534712104
15.643294962929904
10.395142891458152
9.938555129808892
10.716263319083332
14.556878669603218
11.399299681624267
9.267394727803834
13.783388056004496
11.675919103807187
8.076295470635145
19.582718548557672
12.18697812045319
7.564736680031615
13.420646690550754
11.943340200891507
11.192828120142028
8.192753474178508
12.380299032866736
8.389861740859216
14.881442010023774
13.743280810279193
14.044517396478511
16.800266819584078
12.58979151111138
11.040039576363522
12.527682239840003
20.5741034239754
16.492500050677403
7.600511476089272
10.37095494461258
12.893074170388966
8.868527761432155
8.13142694696912
8.792032915118149
14.088219542160305
10.864274051637702
11.481239152366532
8.550544381222219
12.588280092867338
10.011835142212785
7.396333924234127
9.267575756473947
9.740312941986538
7.690588446829479
18.936810654542175
14.260514722602924
8.15023409613497
22.67235269908775
16.331794615121442
13.41388221073787
9.781203925731898
16.734838423813898
17.850156590786572
9.18794004428034
15.449619761286147
15.916823857135551
11.63257160086697
5.568616560142202
13.328597621742398
21.69255394639485
14.983824872281186
10.536447950059335
11.502346027271408
8.508338918094044
18.614144917778667
8.273945962869526
14.152711148432784
21.20202513493524
11.86181122013904
16.05405481193676
6.981498143102383
12.085009425817587
13.39055476832737
8.380885680925322
14.482115265848018
9.093085159106527
18.317601517120334
14.127810654150545
8.76197186315158
13.532671032891589
12.390998090991781
9.357310270954125
11.795201799802026
16.811942376818465
9.62663769986567
9.83461333715917
7.975140924778173
9.853352626944655
13.968717228781992
11.081761950286875
12.359435564366033
11.577152144356848
17.210103599182393
13.787758879545894
12.234409708297362
12.385995526137343
15.195432735945058
10.702888751641897
7.479605497361183
9.463689506445396
9.528778552185567
9.730866929867899
10.224699680807328
7.208815635616469
14.304210069068759
15.336527802715791
12.251765592705558
14.693926855920205
12.393908248556041
10.78791819186043
9.530485120465265
7.17865888594488
17.56146524834515
10.655893106393737
13.526339055313503
14.782520730532877
14.734742678679227
5.946204301277039
7.360045941452591
14.453303787914562
13.440266005361911
12.474228158397908
9.637149545443808
22.482704525812025
8.51816625960739
7.670823935194962
15.704727443552606
9.481970022820558
15.002771885102963
17.597649110153405
13.371101198963922
8.77783829617299
8.466610122114592
14.222812073334879
14.662008804646366
10.645094242618415
11.089070402533686
6.159442935220091
9.379107758540846
12.02133780094654
10.212081164378827
13.862192153355387
11.816155876502568
12.427854801389554
15.502418811992104
13.851224124551745
10.372139848641984
6.485324837882713
11.815276275778889
15.248907009529454
11.363413654092822
13.169086893542925
9.687986339280046
13.131114355883795
11.802634804789626
8.411596822008407
7.072772962156145
16.223638142163068
8.338315943773395
11.489868909310022
11.333069680814951
14.357048360386885
27.146177417096208
11.184566157839273
9.135730006744867
10.493687122330028
17.385180413707992
8.690828591797466
8.457783067096484
17.744794888084865
6.576236991774855
19.28382249238717
13.519083752463308
8.830311998345781
8.836651967997348
13.168171051164158
12.366787174189248
7.939789281902907
8.61301280841204
12.5142940555495
10.64368234186486
14.703704583665717
14.134515493873716
17.612153415217723
13.959990682387698
8.286150512266905
8.185190819857372
11.268758870065033
8.404016781723389
11.806422806121857
17.688174307587044
14.120549606785175
14.02949394076603
12.254734074980817
8.339683238982424
15.148670150904891
9.866715939959901
8.54861879820955
10.225993862676921
9.528584898772499
18.700667409339612
9.801349837714024
10.279800218616987
8.807253252481281
14.421284212180923
12.029702022809033
8.735386739543172
11.89785585263602
12.384970424069273
11.439760587310985
20.460842699990856
9.410547813790789
9.34735534642779
19.067709260049153
8.973289108881499
14.152683800982764
6.909053087861655
7.60167251563294
5.067477711038791
12.018245308313555
10.734405176889728
12.133183710148055
12.747374181568517
15.118263660989268
6.274554584236851
8.668855439079064
11.983783094955315
10.202889369173365
9.919814641664843
19.450868182783577
8.897135751085454
13.067718560971587
13.68997533803825
15.57687470482799
10.76733653141245
12.929293883973017
21.319934513165226
8.414826073393247
13.325659503495478
6.253536690294174
17.69194845456442
8.127208483251536
10.467056531161793
13.7702738467232
10.3803994097462
12.825581412689274
9.068223488040037
10.04753060065462
12.532612164750903
13.518330498868842
11.012633263474727
12.792842972405598
12.09559903911019
15.03486601776334
9.8445504531024
6.415660672016534
9.013946960117792
16.32571964552688
11.635274696541433
12.176156262450693
11.409274694609671
12.542198349311253
15.935603181786956
9.210819282631931
8.232686308237348
15.228915630779628
5.905208087021073
7.779910245078619
12.985798925907623
5.540247853795876
7.2839736061390505
16.16516700317518
14.028491894979036
8.86010741160425
7.75190952244193
5.160615897488165
13.583620503705493
9.875432997820463
10.21524333029348
7.309353857050205
8.957965008913892
14.154359020855567
17.12615593441523
10.580755550436477
21.126380899932816
11.405481538679417
10.397170346696477
6.274974075034541
10.905525200324133
13.931441694110905
13.879367845510089
11.849048722450604
5.014580050203808
11.668752072774998
15.684404772953027
10.618673981694156
15.743194562843385
7.718734879662276
14.674490742474378
9.076988042604125
11.617939553654693
9.111807685224685
12.687147648792257
17.10425987434571
6.572574451757232
7.877628281426013
12.24157937330772
25.02419538373862
8.911621974274292
11.420721892203355
14.273090467492155
10.76142769835407
8.763827916368886
8.981516521646805
12.222178510529174
7.82706218903249
17.23092883954543
4.165181411177711
10.055948495808154
11.632563787973709
12.235810184490065
7.624695735168035
14.163741598172702
10.364747811495741
8.785810295090856
8.723528948005919
10.04850794317395
8.735131987052556
10.789435934419105
9.286358156252296
7.735470179133177
9.619563546552964
12.766536153024774
5.432814372245453
15.449775105955911
11.424744815780258
10.179772374247841
12.280873114145653
8.061439079123751
12.326674812382752
7.551170172840871
9.570453957237314
14.460972740757674
9.262298983022012
16.488929041649428
18.67076292331778
11.441894494050848
12.71499376092797
13.208195009326877
17.26969361073382
15.30900120751442
14.20781194598457
11.513296649348632
12.532762740809426
14.028383042979014
9.69665993884637
10.456822710361172
8.632153761837518
12.58439257996231
13.798541926834417
12.113454452934109
10.671493915485394
13.041365595681942
10.214791406113905
16.6207510472441
10.519798582485931
7.820646578507596
10.852314606887827
10.76657265846986
13.799447753486113
17.689341580781118
8.980074519929923
12.68994108191603
7.233624319933006
16.41015919024044
11.162858700684895
16.257399918136194
7.496389445633684
11.200014286262968
15.089469301525225
10.269228170015719
11.453737337156245
7.400990900162698
12.346441054708054
16.182868464020498
14.57493918144248
16.391211939442954
10.797379555231393
15.320185329675883
13.318073282466571
17.332067990722646
12.577595937370502
21.78524509768666
21.245985513552746
13.361187174383435
7.604524710077028
8.83150750919603
8.981636375069417
10.453239507237692
9.102529153099379
11.36320593917252
12.096382588085069
12.942758598819312
13.558762652186335
16.70684828135934
11.895834280480605
11.860776534153365
8.034820587773625
6.247150183649535
9.555107841145336
10.581542864289448
8.57071773117959
10.523187785165852
7.046089709761774
13.677796827233257
9.496482817447692
13.170037723904395
11.701118223077536
18.87801439881743
11.495850221601938
9.586483130085306
9.844384461477256
17.80665217810315
12.205564745108104
22.47056605167034
14.415088871734332
8.942046476853545
10.421335569166578
22.041822219108923
15.138560421174159
14.361893070262779
12.195628725706749
11.939676441734932
10.965412026705126
12.0251817952203
12.701530442946375
13.065955975682368
12.441275782963926
15.05147571234575
13.702840100345504
13.26687043691848
14.072900436558468
15.568220836693659
9.751446778103016
11.805307606538056
6.971909238513847
13.54522364080644
10.263245239156984
13.04364793515778
14.389183675618348
17.291440121731732
13.916752857493464
20.153311485033285
11.233891263211362
13.116816302100705
10.750745804553178
15.397351120392358
10.084911078973983
9.304772366338177
13.959444676433451
10.501876751612318
13.552050121797242
11.318323446599615
14.464067573275251
10.541325949650151
9.464249870622444
20.486942410795592
10.360110229418646
13.319600089549201
15.792319596095211
10.326828513793409
9.507920773762148
10.281803561069175
10.5844514169
7.627290513166939
12.172163592065576
10.886152414454461
11.227626237696537
14.751853879594162
5.375744001089164
12.512500834457686
13.638604305315479
16.908757859048173
6.629193879490379
16.372152907044427
11.659904987196084
15.383954541166396
12.090844948060017
14.660612820183982
11.48116546970178
8.727820118007282
12.339722812422476
10.901082459344671
16.7484467281056
9.441951334247968
15.786603259719758
9.140986126683922
14.773348387254563
9.70461837711096
7.219181702189462
13.8417571709347
9.646347198868307
15.649383097821472
16.291371747292832
13.010818097630967
6.903753773072866
8.363895520322416
14.708097110043372
8.328879199909352
10.514586228114595
17.066962561100784
11.327892079707798
15.271028099180198
9.698387089670575
14.381873765100067
16.568479232193468
12.349912311252028
13.491776503173796
11.322522625352564
12.994965795836364
12.152472331951014
14.848331389180302
7.397801987212255
9.024978159187684
13.103829815250311
9.018853370682377
8.558289493062059
11.434501470288032
11.808742351626433
11.509104361407893
21.417644654927205
13.873124966028955
12.367804060513416
14.02679179861764
14.399311928808988
10.066510287641321
11.10549838650113
13.010851742224867
12.335910498151705
13.14010628993997
6.439690837541613
7.276170902280923
5.814382607262555
14.664213114475645
9.128971445867528
10.281933182353646
5.990320289012007
12.499686448006841
10.42146545910429
10.856735739440435
13.93182796912286
9.96347319533641
15.444715586763465
8.798847587327202
9.741926554395953
18.207860724613262
11.201009569042931
13.856555898332099
11.436161420619085
8.36086577160397
19.6893205825552
16.317340433987624
13.665382967269098
16.929313187125107
17.793121455534408
10.439010546914028
13.65674090904443
11.96432069050441
10.623657633871789
12.663647726004243
13.648234734661688
16.65869423931742
9.96118004914122
11.435888460639687
8.246240424812491
13.56166734707449
13.599377538376213
10.378439068036068
7.618925466515857
12.755179991884697
14.89094095566392
7.876273871165897
15.160810186769764
7.911963859152917
7.953670567348903
8.209674889136688
9.039827553787832
10.587985020355784
12.906408265982101
11.96239088981709
9.009438695953817
10.36456071435913
11.548388339276984
8.962419948500916
17.179883798631646
18.332973575941327
9.297440727586352
9.507891110000648
16.472441166734757
18.04942143771488
14.401295805201928
10.6663055237168
5.770961590865714
10.103448086690005
15.157929196645478
13.20671111247186
13.380888268548066
10.432698672700939
12.043180024390342
11.319278371898564
11.432072727311775
11.487732505568522
14.388375797869825
20.126208405101924
6.437175584297467
11.922510073404702
7.221159838444166
10.770214887605416
7.716079200741316
11.189386652637852
18.97057941154999
17.4623143815351
9.621623361982046
11.36602752053499
15.94388898059623
13.181525753936318
8.741804715828579
16.175776786923656
12.340930396410094
7.209223295103904
14.164994018729807
13.468201393070508
15.795987134937356
9.446356407911672
8.39116908465991
17.216578787314006
9.978056238364873
7.145904683006049
13.449886035732524
10.075260469939549
5.939599284130439
11.977045006855054
7.134151674393408
12.769333937058619
14.99267803618393
16.684078228929597
13.747361591218645
12.959087941171132
9.73070734783235
9.649741424200545
9.242369871260497
11.298507681069998
9.210643444393586
11.213582799809364
9.031680813014084
11.165932625891967
13.964144532561386
14.619817670837207
8.231528281350148
20.67546582702133
6.817106457604032
13.006071044150062
10.816031608154576
10.75295969788084
12.588741773085887
11.151526504493614
7.979925892074616
10.123680473896576
8.232859820055921
12.483348193366496
13.133559768141476
11.252745329461092
11.430415810926277
14.031676733165977
12.641585367908085
9.904857405836795
13.228978542798753
12.984780072499445
11.164302794656821
10.77511214392693
14.958148531050432
18.785228928563345
10.241843185275684
23.016338032594348
17.79873497858535
14.357912985620523
15.698206688198447
6.988193871601247
13.868387853607084
6.163609003173292
15.94711495979084
11.819466389870527
7.790186229062607
12.644538545162785
14.170990093778503
9.346014639886493
16.982510886783054
12.104420409921635
11.000147564999665
11.028366002173684
14.990927951906933
9.477042266171093
16.85865772638463
11.726083092315623
16.934682399187047
16.512474607730567
19.813077884940277
17.920821861147175
17.09348190393571
13.824475120333599
8.381451014218742
22.63442862985042
7.892114212340983
16.190849948326207
9.117143046149561
16.21512446841607
11.944935800746524
10.415635749132907
14.690441485026767
13.222431820471703
12.313922618520754
16.721066600112948
13.128068192547737
6.110065863564499
14.693548907625281
12.493580765374674
11.072009159294241
11.512306153858646
16.804934475529834
8.926696209430446
17.835207936984023
10.17144573721191
14.335538359070679
10.099185368288744
12.013041334347104
12.217522496378946
18.806459264366893
16.70854177130628
7.552041948651589
15.805327970786886
11.284890828508928
9.38320656565625
14.172158331362274
12.053022438202847
10.016664737105291
4.834785440530768
13.11138608818655
12.824017068146828
7.268243066453821
7.102075946150012
8.999165944448125
11.924619668354877
11.983467355973888
16.00252026440262
8.995953658875994
13.568893819786613
11.832623966416561
10.63542586914778
8.533309449592883
8.378267113505313
9.73325226338047
13.053108623101718
11.592839428171894
11.213751020661325
16.00294036066142
10.666776849461256
9.799267814246353
17.01373641782564
8.609280537258861
13.647523773317634
16.374045783645663
6.418792823501371
10.119908596323688
10.198836838536527
7.525522567283909
20.9669434333295
8.55198290192349
8.833369567383896
13.91954811035174
10.124453431101802
15.952902911288026
15.289136752214716
5.61476419504334
9.35348974106349
14.442436998598028
6.699684571872307
14.519509738420794
8.50502467344483
11.182725566412614
12.429095151689905
12.836855087491736
8.554117732107656
7.75476713592677
10.232167756885387
10.57958923505605
12.172534772050914
12.055270388765196
12.68612704471498
8.77364481872599
12.946277497520693
11.63008653831387
15.894529019608596
9.950241006776343
11.699305840575597
11.553917183076365
11.847197830214691
14.110605296838326
12.943824748539734
7.743683455884915
11.054262933039862
15.285773217459926
8.577578975983515
12.587100563105281
14.280300172855005
12.47350047782314
13.344071941662614
7.499956981153486
17.633712509531993
8.978339087465544
21.481984787709678
11.217367122116954
14.519503369861168
16.19514910226455
10.468760422851986
5.4433673671874745
13.525306309793955
8.671290348047112
12.937921059334897
12.269935705887999
16.231887859737196
15.932902540154412
10.464382372173977
8.81498420526079
12.165898592816076
15.652652881786631
16.507879682165424
10.087594448782735
7.529464984517913
8.635175161093395
12.571279858419514
13.549867343966524
7.203621389274759
12.868047079596423
18.140383974464406
11.923675998893268
13.088734952779586
8.954175051625832
11.70607636988211
6.8178401105797475
18.69139454640135
12.336354737233114
10.974895649456434
11.040088004336878
14.71590034549887
8.458307132188843
8.021779422030631
10.965208698287787
6.531612303227047
12.662973145203805
17.636878592627355
11.304872206038622
9.956210309106456
12.500058571562889
15.791016796281296
11.469900574980082
7.997858575154648
15.04290130304971
7.9853182241556935
16.550907819778132
13.747024184475748
6.534882919903539
9.036301628457212
12.47220020440509
8.144276415279192
9.559962405603795
17.717775170607037
8.523796577575597
10.638979974646102
7.912862690093357
11.545510867191506
17.800113477946706
11.525257640727805
8.25469782991348
5.294866770722594
8.899234471887752
11.808155161056044
10.394028636996826
8.402217123990342
9.963459550235685
12.349855529246948
12.03351130783767
11.107574385371073
11.349141761501091
7.121902705576145
11.929844152263195
9.911096168405859
12.217998993465104
5.377372582508158
16.84550042693171
8.130352362868715
15.059816227922072
14.277509127318707
12.103792292182028
10.794141109601359
14.263820851147427
16.709529719567968
11.39431691646126
14.764321466081835
8.457451115364188
15.099593425861396
7.785565529705784
13.33484360473041
7.757255774460687
9.81860607410876
7.167496365984869
14.751521869494109
8.166962796591656
11.427545518656014
11.872638845007156
6.964405904161033
14.314966543322727
11.058227527060192
10.747431971957308
9.886831887905124
4.764988229572287
8.27992695338167
7.208754898299351
11.571652530625135
12.62010458053125
7.931874217954797
10.99160221355779
7.914995985372539
8.376362605235107
13.25646425706239
17.179858543264398
9.111922298044842
14.22942278608666
11.363991377949372
8.765752597571415
8.06349011580219
17.261727087174606
14.514788289995858
10.350448312129792
11.549245743989085
12.24465699032744
11.019392519011815
5.0982052381773295
11.350500372543758
13.209598440863314
13.082199014702418
11.247056832393342
7.636197962366424
11.313763957547113
13.869656655024286
10.856315858476814
9.253330298153175
12.735429727309995
17.94310742466301
16.020946654419596
13.31080260890675
12.476131236321118
16.771368939292575
11.453922846291572
10.535598291922746
12.013129479970983
15.728029001060632
11.87751457571247
11.545935595103405
9.214804386727836
15.904652346401944
7.837245489167722
15.793545177219576
17.561448658945313
14.41434922613034
12.269430770343861
11.104568034797818
12.083624466761464
10.734115744147232
7.3897779084986635
14.958931513351638
9.13457957687754
9.77468236357023
14.972811121572217
14.616140004695412
9.503768038614364
17.4920713213468
8.083599214826128
18.096882583028144
10.089923790780176
10.50258208249399
12.879846497583207
12.176954351165623
11.352040415798877
13.573450206002878
9.154528641342615
10.846406746778394
12.99220336862969
10.859921893162005
14.085138663785715
11.79289999203312
15.730049214376141
15.332106386665506
5.322420249600095
14.71017565709803
12.537776415879227
16.64788479377382
12.390940440554607
14.811394071080883
11.758558602040935
17.17628725489426
8.00866389736838
14.345979284001412
16.963286128933
11.404427166529917
11.161277610574485
10.874919243385396
9.489864785200178
12.510305464876378
11.62427227272876
16.280233504982444
11.886352995929155
11.867425108229257
8.660748890349948
10.704508523713619
12.120778165188668
8.322247277417699
10.277993709024473
13.395428725394078
9.075545559285548
10.90942083902175
11.126792254250214
18.619413542593275
15.93439351963762
23.634375551823936
11.844645256569692
10.176139941564754
13.46812297564559
13.276463849101935
8.29449139937284
11.143189735740748
8.95085749759945
5.485231221263904
8.959230291542163
19.023594531395982
7.2182797737611555
6.504909023133456
9.894683135226092
11.702925164794982
18.64243739274709
11.676242399757662
7.8063348404457065
11.833080793179475
8.247700940526192
7.3254064457982695
16.57973987214881
14.497932637238101
10.891778191931726
15.443591075309751
12.692295073146418
23.541773859926177
8.458313184165789
13.29348226529052
17.522419202788978
23.338691983735128
11.714736753385543
15.817153659022367
15.95466369080805
11.831395649074256
7.500271931155864
14.760157525160635
7.405425368564666
8.94083435704528
15.00087930427421
11.03292680379741
6.706617376561576
6.172213707066875
10.521679913748175
18.025423912109726
15.027377949981558
12.979496774183058
8.138172784935065
5.116385251937451
6.793468793022156
12.661733443826794
11.875167121454503
9.829443151440508
9.367175364027311
12.592209395666837
10.762473965486965
13.999827424750794
8.57334558197955
15.954872333855018
10.414318975499542
12.017984757425124
10.240438691520596
18.572494394791434
13.246157901529404
11.144092896764198
17.510996105997968
7.428860945972899
13.512136615014093
11.058661712150357
7.162439127818527
9.519735207888846
12.194598477144599
14.592836515035277
13.37811672406618
13.980388618470899
6.847421997314485
3.754901835226187
10.478132192379908
7.562738796699861
11.322005539698276
11.840323948381808
18.357676561373168
12.32123810801685
12.94132230844733
16.357756272889365
9.597495729273463
10.616595998061975
10.644457682159594
8.887355353207596
9.976411178769343
17.229856356234052
8.350967624356851
10.37419460732695
17.719803965514014
11.409858248139745
7.688364157743224
14.70676087055633
14.899815897648878
11.992086005724131
9.792205470522045
7.283001714106466
15.93983060071894
11.577013610248537
13.620216966135732
13.727442695015394
9.290260637530942
10.424618671612226
13.889790070136995
12.82804187041385
12.818101334417745
13.319625763344296
11.938031487613493
11.801928245643758
13.997026089520045
8.020630427849758
18.43089723264578
12.687398565707126
8.820370171481969
13.66191294847543
14.679030905174681
11.079028732858358
12.580310811354765
9.910802528082067
15.38849805317504
16.723383510844002
13.707116251562171
10.72465969545803
11.551512371780925
9.138862129195056
6.121042709281788
10.01014249558609
10.347335123033657
12.373424734260546
11.32218520573913
16.713791200879587
8.511592118332779
15.988197459395291
9.088262006466136
14.148523550642143
11.541061488438453
13.155221971872278
15.543698962632433
12.047510100415165
9.378882873391696
13.700337941067412
7.148211209974886
12.565438345552087
12.143443252290947
11.186213937469782
12.817154525730658
10.685330926281004
15.535348591028937
7.633916342046665
8.511471651308021
8.250105528129382
11.850921633112568
12.675687190998639
9.86170854146918
19.0799478814148
12.151632171499154
11.386008951989979
13.137615540469422
15.344216895792183
13.22923326529501
11.34465320637088
9.91440480731305
7.1143405168336225
11.569678649834575
11.984148465911158
14.990989421767578
12.407309660918244
16.169628612724537
11.651476387440905
15.835779181869901
16.659799267991193
9.880853309273967
12.127621556455383
11.192579900517192
9.788472726207777
14.970912831055221
11.227593501873237
13.216631163046635
7.876251386065437
7.6045013467046925
11.141805730711276
10.743283916410157
10.918304454889931
