35.61953535619391
27.623929180336596
35.8553640878428
23.454357134501905
30.761733030779382
40.55392964010055
33.778851172907515
29.902811898948098
27.170023890094292
31.235801296527658
30.43749370026853
35.76472894321724
26.315356913303525
39.07672766031128
27.348468585184595
33.19175860601505
30.192722757716993
25.23720558611454
41.43675471082662
32.01327109272572
25.323397772573795
35.98009597447021
27.477255115685374
30.81905749026022
25.63695649499305
33.632149248261015
22.836286222602787
28.886239008911176
36.49504952535441
25.671498081855677
32.51495934962366
36.460014508361354
40.26641761776259
37.11547986088677
24.82152944022093
25.572491779006523
31.42194340073888
27.903213741697027
26.606255915253524
28.563524526818387
26.91162661607896
33.61355117057781
27.696408326767443
28.642104625262757
21.873769782889255
30.538549080145305
27.68586327002963
48.7842004896853
17.843313435648398
29.900441729591353
24.940854541492335
37.159472106827565
24.542690593884995
33.776451966392216
26.223293861847335
21.894748719116514
35.0134504860597
28.16795576711731
32.39277116939266
23.5387182688274
26.159671495810382
35.912055737847474
22.71018682119219
27.68775783639707
37.725259578757395
37.07201557816448
29.804497395895037
28.670177852276936
27.83261797777875
41.046960859225486
33.60650571184362
33.161299325323704
27.86487661078737
35.05399618003725
26.29533637116983
28.704601338076426
33.94383368219372
38.77701038526392
32.530417871827886
22.837318745002456
38.06415583438516
29.057195128267818
17.153060990807525
26.85949839992353
33.41072758427656
27.568105900688426
36.07020313202468
31.565096788947073
32.99353094610628
22.827688768016916
22.183664688770378
27.572554207795235
38.28969110500221
32.43750822301769
37.8801394811311
25.1647243264391
27.67553222570126
26.495348778609895
25.73763506683032
31.656322272766435
28.818811448932188
24.811518382574086
27.772457271835034
29.075584720851356
34.339257819593314
28.238002614271334
35.5525293997756
22.982025285208863
44.45022933723114
29.088074755645266
26.135512339018433
28.36472558679903
26.61927085910676
29.67105259619741
35.1458270893515
21.192617304020523
25.582056697903862
37.26429065067168
33.60629778824093
25.510959796662853
38.42196104407589
23.973371078337816
29.221599763701896
27.485920702396022
45.42664136341485
33.967305478536005
33.08241866546612
30.06388637127436
37.73776739491946
31.592626801896895
24.921855165131426
28.28661180142675
27.65491429470953
26.452387187987046
28.038916452113927
43.399822590675065
23.77223918737991
30.9745370578961
33.39069009951195
33.642910864228234
23.52477278808163
25.857365992776593
32.89903743541123
32.068695650428616
43.94381856234884
34.667526354806455
36.80872382195949
27.432033387210467
25.916286942057166
31.6500473342254
29.176141019655443
25.431918519522444
35.286946573843345
28.73129331525157
38.12640435157604
31.216131122929305
30.548651087612154
25.50832741747851
26.42682020350947
29.603853946916093
38.341354175218434
28.11344433885238
23.721499276142854
27.62232988684897
28.126394890738286
26.47254401489993
23.039833840492864
31.812779380013012
35.703480363845095
27.92152644745909
27.896783311428553
27.113104124009567
31.961824700450727
30.172755561452963
30.21955119970835
26.970417475086666
29.2538277277032
35.66264471684203
29.43568310220468
26.00621801893248
20.78316866593906
43.5003166889443
28.840795479975228
23.508961932851328
32.55608182652508
27.90213514803797
21.99644354215688
27.033749302099064
33.07728322437974
30.411517677049574
42.2396975664798
30.517316741830204
35.32179841235241
29.755127748894743
28.744125212488434
28.76889238260074
38.31009771139351
28.115651936828186
35.65119967831187
25.245583836451683
30.363878968486674
36.03320305523697
32.32809218468334
35.2194333814427
26.629431866281163
41.74030071365067
38.182304700162256
30.203720604667655
34.41956106201427
24.4281024425911
25.78126268528186
29.835160460004587
29.012676047832553
31.57315003312809
34.732483302329264
27.725855123073366
27.17140386805856
30.263501420370854
37.567819683246704
27.603396211330832
31.851056595056647
31.182159015519172
29.80642766264756
24.151346624160947
33.02451562654436
43.66317645339166
23.671755088577793
23.404743791450464
21.60987421773366
30.635681982723003
27.546782154654792
30.632831121257254
30.98341310694796
26.119500423804702
31.44386259662693
28.591487234577027
25.360141575713403
25.576492642251353
35.93605215697685
37.880640263398384
27.750933706091093
29.679902898587816
38.33014224813062
26.104920337902534
24.435280706379817
29.022265652534596
29.87249689455261
33.09741034956474
30.212733716631913
33.0492093827422
27.380077106535737
28.198508514389758
33.69275861449188
29.204044674581866
28.07375018799895
35.846546380714585
22.591493364058287
25.8513653553412
25.40158059398465
38.87139340213349
38.74140962330748
33.4973984492474
35.67433568242449
34.82009464485169
24.91376206716485
31.140447337198978
29.598618656534427
32.80619333521388
27.214121605971982
30.89109964110367
33.970676766556835
36.856722708829764
36.50510147560384
25.774357123684943
30.074973229046265
37.75505688553936
34.56031658462264
28.963297214979896
35.11947295517915
39.212826770088405
22.804521145027337
24.00520023080462
37.72958315367292
38.680394929077835
21.755170325976177
31.430481522529135
25.674219104342843
30.518168602814754
31.030738523266745
28.878386220292207
40.462673150182354
29.904615189990455
27.624289940941395
25.32467541663179
29.90202920324129
26.336826979900156
22.44991476493227
30.202554569376556
25.007814970408756
30.40371162691994
39.01505235906946
24.71179497370027
25.56239037161743
22.546090159960194
28.42744894839679
22.544435661907436
29.083247130196824
29.437644724143443
32.3129061020823
27.55537207012415
24.35301576730767
32.90172525380507
34.54382429833262
26.404026281350145
26.07486351583242
29.596004309315543
22.772349208768734
34.099758785653464
29.53100057512668
28.354749555309205
31.77969998036534
23.345885008314394
27.147033105346875
39.38677959888131
36.470631379218865
31.240766653666583
20.945718333611342
24.079263352688123
32.45034199681486
30.51468275683411
28.554387524464598
30.898316332640746
26.665370895351202
23.992822831726897
34.5655181331716
26.602633607111688
39.14885676753103
30.799538245953105
25.975575871008687
25.077327674263266
35.45264070256301
25.484517432424756
31.205718808658236
21.76666327772582
28.922806383699243
27.716889482336587
37.11074709479885
22.063486010765438
32.52707523882516
21.448717336299865
27.905403217070727
29.258470629537396
38.6747063193141
24.65147122742126
22.181174696599474
34.89904472735003
23.371634098309077
42.61560454817039
30.133016941927707
24.466986698571453
26.992039655758376
28.465160404908765
30.213318547003627
24.293225845485942
24.480136870215684
28.023533077491066
28.882724187706124
22.928473285029416
31.479202329822826
26.34244893497621
22.71715902366036
32.95425203462558
32.65545906743333
33.02734815221643
36.03768959231628
22.976342230689585
29.76824680374607
34.5710016914866
28.58556239034803
31.130699117088074
29.78738188378536
23.716023401108536
38.80347975830582
38.328520130734304
29.676503085409728
38.68497017834529
26.157751227427816
30.960568929114057
35.45736293380442
25.461508611795043
29.93481751611987
31.045284718517756
34.332809888685915
35.200228708678466
35.936531057654726
30.921959001378156
24.033671478464626
28.32400192577008
26.95785071328517
27.196454603598728
41.1117887149264
25.899693938023137
28.21198124984943
26.168375306280822
33.78936839319446
30.017804190516653
33.79221855030431
41.5378238065087
27.919420806017797
33.15812174934917
29.604123761474305
25.02094411367523
36.67196662847046
44.97574222267465
34.949679878584554
29.623836070652157
30.523109281587594
27.795743550904835
23.40995154299294
32.78978839267103
30.031893302171994
36.3925602058328
31.910715740309385
26.768152316448422
29.202775203579982
26.061961893625327
34.211959316981854
29.75795088076314
27.771697252532967
30.665574974337378
49.92378751893478
35.41526785792334
25.32941565658331
19.44612643096673
37.54763585892067
25.721435082913864
22.957681192474777
26.924029546871054
28.61641652128739
32.83138537829133
33.01177566301192
31.415093109948433
18.923316269985065
38.72554939622954
28.877211563887588
44.48704794097542
34.424106875621625
20.567606106849574
24.910744356927438
24.814023190615114
32.11684889332959
31.11739573943211
31.995297006243668
28.97329425962854
21.08317105097911
28.924791321553634
26.255451026702165
28.19291859984081
25.34768767094752
27.47286921366243
24.09322024407084
36.90322317245166
33.39142624216431
27.736498982663512
39.2416232520322
25.32220355389038
35.617905641157016
35.442667580196016
36.175965023535156
26.35436418391517
27.33080213739318
19.658859934293485
27.309040736994447
17.418917344068042
31.775629416833144
