8.702607930349686
6.597612739599892
8.48369780293436
10.444011474642172
9.604054669245045
13.605342957238188
9.514248231310692
7.856919869054551
10.46499174635465
12.566324749721753
12.768464750734282
14.103821990814499
20.061019007475362
9.013442439893195
11.37201944758054
7.003500043817291
9.839472027569677
14.491031172042703
5.462799467307206
11.533057796825517
10.837777970567815
12.453456875131861
10.402225097706813
12.535417301068875
9.916463129848788
15.380992086107124
11.124646898040266
14.058503971146392
5.574466866898749
10.52201366170933
21.537789450585944
5.737936468154389
6.707295643666828
12.706388140739008
14.059746785145686
7.750051155885629
7.670403050428497
6.388134516819367
8.333121780522932
14.074667823545996
6.935435074782047
3.5237873781008804
7.072398659807753
13.14935130037435
14.24081434602598
12.668557104482565
14.094266827499839
9.784155266633391
10.55341507640675
9.82429063366242
7.751499406206342
10.856834311912573
12.932291306561767
11.947242577701703
8.215421329236882
10.04194462426927
5.234774369678319
14.221158848866096
11.710075987301218
10.388985637695507
9.697011696038231
11.130271144833907
11.264369246362927
14.875981500620215
13.026213828261968
8.464451365223702
15.56918178208977
13.520816848530115
8.516588198938221
12.045791588684514
6.968343852359985
7.510948770928939
11.011375539154857
8.84907765856376
11.172065255275806
12.523254851301637
10.54455850041033
17.279619969603935
11.910066373939728
9.815750903541208
7.920082122342391
7.417508421451625
10.010132416308126
8.025330352934938
3.897726451928964
12.932389304395981
10.575948793827736
15.492501706049955
10.81346306075596
6.524712960460971
10.69787548726426
9.565004620598373
9.397892480715194
5.940635163522786
9.305264450762015
9.66294997759379
10.337648000044819
13.730291378216705
10.860755136373454
13.506002005373748
8.158715633856085
8.565157865005855
10.749893493086827
8.489766951428502
11.20494254004466
5.806516628982872
7.050108574890879
8.462415989235817
14.612458911672844
11.655689712898509
7.5667476897813355
13.593320924585008
10.756291555537121
6.881605482524091
5.804817527866762
10.249754610590497
17.688040581961143
9.366305138640636
11.544739017420367
7.302588703494979
4.801192806075362
10.309980835741355
7.972697382794012
7.110700970520109
12.446735143725645
8.645114092020048
10.71438076057659
10.762198429372633
14.254268010796645
6.148914987061644
14.544167190791795
10.118710368063278
15.54521314976906
14.677022197385044
7.217877890074445
8.763509794025262
4.719868760867093
5.518053689119633
15.39235392856683
11.900048695679695
9.41933442527485
9.91326568333671
5.811310380321243
17.719070279548536
9.811170920306871
4.383547607883472
14.65973972234459
16.153015219855266
9.68129073217102
7.031178930166874
10.65289364442551
7.371944992357579
12.262320239103351
17.660844380719077
10.676995674208737
14.086714888712764
8.033351607112422
7.090930021295151
5.814191430256406
10.412261605468627
10.715663607652997
7.374802923707047
9.237000324783601
10.940992912217173
12.607127312584426
7.648287314703352
12.224944347770604
12.860482584789665
12.327684143808288
12.591998215534092
9.246998001712237
14.191535336921804
7.692237590566099
9.923112929508385
15.29595034806947
9.99897560321404
13.454767979944645
13.43081889596204
5.880814138042159
13.646273405327028
7.58406015735462
9.299780002612023
11.749172558033584
7.715776412718975
7.673057782805012
14.055260186502128
10.991272429936213
13.949730917711195
10.22559322749382
11.798847618964142
7.456719269912086
10.8165405976196
7.59722257309167
10.326146729941124
9.198222099250648
7.773085551341034
10.927400894407548
5.927291283974428
10.501081764873973
5.631227999705252
3.4757013752568597
13.421091657942197
10.070960982783163
13.335820055789819
11.020457323018327
13.41598009084037
13.01390525577182
9.639890154694442
10.765988215442128
20.44242057193298
10.936724736814266
7.765966316239289
10.668951738988467
10.862185827276676
8.824867038248774
11.958467041451499
5.37253106213417
13.107239154245217
7.840224929837705
7.460305366768436
10.838618858491575
8.379297181336746
6.650032446054086
7.578810521473544
7.915483427566981
9.861359273504691
10.98531801118658
10.916423022680958
5.1533449817174
10.341850433107377
9.754019445606206
9.524921077849383
8.648091697836579
10.203990688483938
11.6391378524103
15.945496639733593
5.336872738023637
9.207548698665482
20.296846099871402
10.498228387709059
5.5262218481890315
9.818299481165031
13.37711018882877
8.216313338649883
24.074477898641145
6.503915043791191
7.283208179962832
7.424640591282576
14.68077017411211
8.181650609120053
7.164121454619606
9.81026441566625
15.721522664857295
9.352220227968518
10.212080550764444
5.436629067526325
12.039598845667133
12.405179162429617
8.15850034143178
15.565784336799904
10.079123779696818
14.15689648299612
11.048441743077849
4.799878116701263
7.379756071231552
19.405033968661524
13.60289290411155
7.27288782351965
8.249559442595103
9.380859653865766
8.944343942976042
6.713311636947755
8.846881924861915
8.402402121632388
17.020266420046593
4.818261161941094
10.65538027237114
9.34919638464095
7.757498332964754
11.971834248045166
11.194145280465639
10.716218061735928
13.732419151772254
7.3645738262924585
9.768567037520617
11.59719355378758
11.553600052722935
9.80386508121112
8.93165157629727
13.395594074772882
8.22124876953678
4.384529867952846
6.993517142923617
14.809819220272981
14.884970156625391
16.81345352655529
7.099469052006101
7.298093295641527
5.828587304345289
18.367636623708805
13.494325116084903
9.487979719736222
8.932493939985344
10.348868138054337
8.29378874144103
15.322796848499502
9.222909311365106
11.59016680101502
6.018632046061062
6.657014951638303
10.053331419817555
11.216266068808325
11.473797561845009
6.62393576304877
8.264707013433982
6.886821617022813
12.432648489672365
7.269864834175937
5.717215007513516
9.507117624270947
7.446747261498067
12.844471311083378
13.576810339264995
7.719917683456965
9.46177762946162
12.667485845495543
13.938655910035411
8.264342475596811
7.479495754040523
11.932652181068875
12.20199985969721
10.888055632378242
7.2255383196038325
8.193338030152931
7.931175760549411
9.314671730300395
7.0937233813280525
9.643941408693907
11.719633489431976
8.628459791617368
8.813404645781164
4.66735234573299
16.007416838026547
9.509400789521244
5.082191866040621
9.161921296756955
11.419687150813663
10.840449468008016
13.198101290163692
22.147931395152117
8.105246283092463
7.266910263382595
15.244088668117183
8.852034539308969
6.666222692296471
5.65482776476849
7.080109438539362
11.137464948476534
5.710717726106443
8.598345428197014
10.078286610136999
8.832308326557067
11.05303710728559
8.687699738221838
11.451672130704651
13.854071565093971
16.820756124752435
7.397754236708407
9.26905319066159
13.627706690480851
6.755528380578557
7.284150868642524
8.208442592707295
12.615091425128048
8.392841880824694
9.538816693980781
6.550387476191695
11.790312186619728
13.490346194415563
12.428221993652032
12.104832533870312
10.324320321737886
6.635514490719405
10.642706948192606
4.1448312435919
10.255040615091879
9.95405655149207
11.433736508001013
8.071436365837982
9.477794188748458
8.870546441633754
9.17188735405797
7.13079808152765
11.80287590043016
7.447603354817855
9.567222526392674
16.588422235441143
10.004373905658435
6.720041560713596
8.512730483520908
6.9316126236543685
9.321930437554506
9.840389533037882
9.049970331710652
11.65018001301977
6.559228437558838
11.572641130278754
12.827903970929219
6.82471207865596
8.94397063254351
7.438679982375167
9.596080896244075
7.350642113479389
11.462818205928665
9.395468958940139
14.306358034416728
6.6753238640548815
10.118568215317989
10.727681359618849
7.701626571075374
9.177951419527975
4.719746398459655
17.86717440987086
9.61767097899058
18.398800340821374
11.204146192792209
9.207774191369486
10.40684030817394
12.333972356669898
9.25328342024002
11.386930430725602
12.419629689582662
14.690550980706325
4.501728481839113
8.282217680758814
11.415826289995568
8.711954254509468
14.15960336793664
8.726657136761105
6.247854210168112
5.967823116761938
10.910485279440248
7.749573710135203
11.86834486408169
9.403771430748924
8.881296359668434
6.6320529088743685
6.827098001561314
16.999447572281394
12.106174254289796
7.478385894229113
5.976967476140312
11.262247936029592
20.508522484292264
7.221770628106098
11.61585030708648
6.730862735310716
14.529880330793318
5.0494103900012774
9.13328784786078
11.504141312147821
12.042507371665481
6.833255269099741
13.705383065417665
9.519732397557895
5.850422810931213
12.651367059230882
11.726063325664636
16.24894483279919
5.981346409970344
11.095734368886049
12.32102595003571
12.026715204814213
9.801609933027555
7.104143962418904
7.5294504132687745
13.048231888647194
11.541379586669102
12.170159875359452
11.049241723769548
7.890828379462963
14.667848696947397
15.511146165654628
9.001495011156903
10.641615687242304
10.73412061203668
18.47852002600267
8.194569308662338
7.9378553611635105
6.963630683372948
10.545362445324752
6.326853253695601
11.781493232186063
12.282139264387068
15.272876645311072
14.837165210834964
7.7458619696870965
10.387830065132546
12.998378163085025
5.2802981806711315
10.590384783642417
9.833476265019787
6.789451228231478
12.501461010990504
12.898481143019744
16.780775116220475
12.738479725292388
10.405242111713191
5.145220570496277
4.942161052562523
6.641851498314596
10.941829501704424
11.556368567713953
6.798995865837691
11.008451149202067
11.751145057045902
7.588163708502207
10.455371332725164
9.67113044577318
12.74737207231522
10.434935612667235
5.5247718382372355
9.178151487294942
4.068009478973917
11.456163985660263
14.66104350137607
9.569619821624162
17.855803015808693
19.54131416674858
10.710633587533755
9.479243310120777
13.715839234403665
12.242457117581584
9.246120542205253
6.984006064567145
16.373399458294042
15.904463166882465
9.389480907698294
4.316598659415987
6.218492624400733
9.13016732661994
10.053758473772692
13.722943506954385
8.169301678788173
15.571232847119681
8.829999693955987
8.58546608176915
10.274717600994178
11.409585185127098
9.357725647754807
7.740264982022726
10.322588607727242
12.752565413170657
6.448241268269716
13.532172102214654
11.846112070056638
9.693118131212675
5.840355959466904
10.432251025742447
12.705732993335888
7.44593400653022
10.7427784279109
12.73864724138822
8.313501743585167
8.527298097273224
12.675564294123268
7.414157258957936
10.387774746848432
12.375527317319735
14.353945448553231
8.065268222758547
10.068376130490991
7.960355629249646
4.779004955530958
8.935186570121786
14.073599387808109
15.241034483958694
7.750095175534435
6.137149590140101
8.290449158419182
8.289664920620268
5.543767241096159
8.048428603904762
7.28473543948443
16.115537474626674
13.330118967964918
9.357765806528375
9.781597387601721
8.223319993173588
10.80115936317997
6.515828313934206
9.798205272547808
4.894387085622698
7.398281066800193
15.067885752528124
11.061906616091205
3.9976033416410157
7.6653377181841895
7.071962019056673
7.342954937351699
6.180353852430812
7.266713627503968
16.19817027139412
5.013972645691022
9.28332257154401
7.735108854596277
13.759721884609526
5.678373322990987
8.421671955090915
8.480057131478553
8.054262583008143
10.445213152419324
19.269120307626675
6.631572479578999
8.959375423494546
15.971355157958538
18.332255362348665
12.815139936361419
10.697588530652348
9.101527161384126
5.34294391843154
10.431389725788177
5.522785165019217
9.883128211509238
13.192594150079291
7.574775935117326
9.652642670940319
5.021652220991494
7.3330994403095495
11.857520585456665
15.15152602939558
11.525547970155081
10.21083556200241
18.114446668086963
11.611498715355534
11.808872547390408
8.601464221200512
11.618263776366089
12.853201206872859
7.9950715287429155
12.426549063793344
19.353975119441078
17.891292435062724
10.932366672630575
10.514600113422292
12.218827719766326
11.482706406388683
8.28160514388428
15.608721115274708
7.483161704192526
10.293882353969073
10.550460034280356
9.952515953959802
8.952037228023068
11.8190330997397
9.804087649451034
9.328081057408266
12.622201791004407
8.984327159061968
9.883999722216473
5.9255637920325634
4.803670715497402
6.74433058784318
7.288822535087622
4.958771476585423
10.40470127805587
5.78694670549887
9.77243187257879
7.4202746366655274
5.634718207714997
5.444158957525568
4.993674375962148
9.204060893700449
6.891656103992359
7.002680290579295
14.690440483021442
10.174506011335282
16.696082670122163
6.396675878272904
5.55188202693439
8.316931518439565
8.083724186182359
10.646886070275185
5.210790578147973
10.677218048702818
14.334535433009922
7.748769124551418
6.867895481964709
9.407867704967076
13.285256002457263
15.384443520364577
12.556614503702425
14.069856622655848
