29.72722818021593
36.31109962078801
31.19187029708184
32.37142881393114
22.41285756223526
31.87541676270744
25.10161336296606
31.076096821560125
24.527090899335427
23.453597680060575
34.65912525162628
32.420031704343224
25.071271774795093
27.629759981097006
27.68394215184341
28.3749355073386
28.730693122984523
36.8547950695879
38.22827476234578
30.94556811847724
32.54307594341022
27.06483699900738
34.72431607403906
27.82108034772389
29.64574626953242
33.68380593016527
19.44943234168929
36.22843961264904
19.580260142362444
34.05413513203946
34.21752971895131
28.19908019537726
26.90934695035264
28.321546953658647
19.625971138016954
28.2404237090863
31.570594525430508
24.888864847114476
39.5627209905476
29.112213455090327
21.131494978113274
40.33114956902295
33.94340894369791
30.616136899567216
29.74047953480141
28.708148068397012
25.595706133366065
40.61500897332662
28.295420171805905
40.57244105510419
29.09809031116357
17.80525212761063
29.23612586508994
34.42027975593736
32.83586190648754
26.686437378456976
36.43046560855707
24.681086008599486
30.785836822764143
24.356076883122796
29.16926393477372
28.655662542076282
36.04637249075869
28.271751721677493
31.825590151985622
42.09765037485819
45.425937208865506
42.95618729836467
22.177413300228928
23.09023969454865
28.107670066687692
24.180949806553084
29.399078467749167
21.807976496083185
23.36067864497139
21.18115618671612
32.37093148758809
30.014920439443834
34.929391072538
31.492931734433014
33.71740504646553
22.048292482267243
29.79781801216713
28.35200610667253
28.203311005823284
25.15835668339624
30.299962785002712
30.004406138824447
19.073683934633177
32.97331257176409
23.301793503802834
32.10852010321588
29.84116356792049
23.73401539025085
32.57631738536628
31.884755571996774
20.88331008158329
33.94288616485471
42.2093343530578
25.124883752199285
30.978010415159268
35.422652833327966
33.56643022919006
24.130833347646192
21.741968068715693
36.48079652911492
30.776925683559703
33.10328558017297
32.891096609853136
34.34897658372432
30.97223584472829
30.980004111845275
30.749541015482645
25.01628339140123
33.39157690889804
31.808949779582477
26.99441694930731
27.830255943205827
32.59514110932313
31.690049408022738
23.30016251002211
21.65768346796464
25.07706035457271
34.96740558565627
34.83847591945938
29.767942848086985
28.28640916620928
41.09487252861976
33.40065536915392
27.412705033374383
27.427570899862822
31.713790005277627
34.73144600281697
36.28829148616519
26.381608783205913
35.01210489499612
31.379478198038143
27.56667542421907
25.24410371738433
23.146530642173534
27.74743591112684
19.147397572747302
33.03625480825604
24.294871295161144
20.83617698670029
26.710089141988345
32.741816602662794
36.7622529878263
41.98994958502508
27.3532353886137
27.002178990051394
26.093272901517203
38.76378437775102
31.50011095582183
26.829202551114175
29.746240932892785
24.09288621916783
17.638287282970737
27.749687580895866
22.6855347627569
22.48379060319734
30.926467001408717
26.44892430267859
24.50009273556938
32.006997308522415
31.508846087020007
35.69746139221946
28.492978303681763
33.55135169370773
26.690367465867528
24.077693675449492
24.139906832025154
26.621256650893155
34.23491028983615
28.854510762844097
41.91706583394963
32.38379553444394
30.103882387385912
31.05662861436734
32.00908938581604
31.897369104655148
37.040244143015194
33.27977731335598
26.266069864025834
34.81014027710242
24.490820062693786
38.969920836534854
31.670364307542783
30.219557607324436
23.308383436982048
33.78618399842712
25.933317764501304
31.711185814614765
31.761047554878786
29.129129184789463
32.997647194049435
35.75889632909335
24.716665374320794
23.78785461192333
35.586980083088704
35.608565086081256
39.16804288103294
37.2218110657981
26.009562103907893
25.39772563807194
30.884489191695913
28.4770897994783
36.33402829150865
34.793561272583545
21.258222316559934
25.86146249341946
24.05620845777804
31.41371758568496
27.609339845348696
28.038736359846276
33.31423731341045
34.53157307372799
25.099812181700887
28.480168732274386
35.896214562726776
32.198608357175694
27.640588790826996
25.044177817753656
21.153442347824324
32.40640885653325
32.10906810057056
31.072050368840152
32.59778622316482
28.907615677182648
29.00634819584732
49.794014428192746
34.98401622454926
29.37501255842615
24.183450440885604
36.54132748226988
37.12814594239468
28.365401203818383
34.1822860432251
27.692633834106292
29.845979536580884
37.60849165902188
28.97394048281806
36.96915417218121
35.77166394412837
27.568515337118992
34.67678822663429
43.51746175862717
21.070650956443878
32.25291838549813
32.62613391370363
32.73798713956558
30.523776201149307
29.621996100320114
41.14858088674896
36.27542758178194
29.938089065624077
27.74568523219952
31.25973530291864
31.92331001422098
24.537432813702424
22.5493151778021
34.73344210592386
28.200768175953616
36.57792071783488
37.2159112953646
24.659611705568075
41.934040789957024
29.983188199084253
28.30882710174155
29.948113964891533
24.10973101051429
34.13972083561579
36.076277589175284
29.87529819094032
30.27890391681747
32.988771560257916
29.27168395633676
33.66261030558797
38.16141682968163
37.32447223852017
22.977842189564036
30.209651916216586
28.76512767789946
29.17420615266446
37.51471371962275
30.565529489627682
29.326714003697283
23.39930673275329
32.37074259036552
30.154561504817696
27.951208917076205
27.27903371128615
25.266752055967817
35.684883649711274
35.86028399473033
26.456084231820704
26.9948214785404
26.469816090810674
26.874707925068428
25.095954260418473
25.772949121173248
23.390246611472904
25.043142467719015
20.570120294626452
23.60847070725564
26.014448255013278
26.41180267790025
25.51545803184275
30.572134843726666
24.11974390740955
24.764975511978832
30.81934773931552
35.63809452225999
44.36420834600213
30.979788886605977
29.938347945395176
25.59327137636379
41.28665918840378
27.936750861790642
28.503023863668492
34.053850965415215
35.097074017752014
25.117718421265113
27.420778936002403
30.499678246818974
30.412817939068713
25.62291376368208
35.58975039446494
21.542765409144113
35.66254956259998
20.969742951000153
33.03069200865031
29.685338302476197
29.45606993556278
36.44202620875798
23.971133678319266
29.127199157003552
22.65123843982827
23.940893359953833
24.854122446448425
24.914076182561928
21.482222960048578
23.727251406175345
26.58843167618544
35.342971744483485
41.0558939271231
29.119952544686377
21.11023369048615
21.074393221401657
34.63001793570288
47.64733412630157
22.530047647568022
27.648956753533383
25.736568446976367
28.07390390301027
31.5555205772971
21.042141831414373
33.00541197082047
26.631076910362605
35.79300733747268
25.161365866804605
28.99914767677309
24.258514713198863
29.290559592195393
29.703001306800328
28.712663875209696
31.04384119389355
18.754808518997923
24.054418674228888
29.05705235808397
36.09845683498469
35.967720287258125
37.121298106012645
30.979629948651144
32.14540681069057
53.01408291351381
27.352998032569573
28.306176684090126
27.482294306694943
27.86398973450735
33.58519151496366
33.46933554088004
27.90989926528239
30.227496477676766
32.1228820942966
32.06835819662521
25.70499284967492
26.56338550558096
27.909741958383712
34.353453872933855
26.124663188911082
22.835636701858743
26.502710992386966
25.98557670142195
26.84791082473493
33.18397763112981
33.85238415795931
20.50870734762995
25.05120930510949
32.0306741697797
31.75548121375291
32.0735386787567
25.170851328162325
30.783398199907204
31.55824705002315
30.597094344797025
30.860296540456822
27.02186567768872
25.003486783206572
30.702019928934746
31.713459341217987
34.58770746324528
37.6804515522478
24.634896581198927
22.539055884431715
30.465501766433988
35.09297518461397
36.17896694924044
31.52026456361562
33.78702398273097
31.03291605053914
27.520268331440445
29.138530915359365
33.67332811500301
31.06478530968875
26.71555104908142
27.185984985898802
28.29635460144613
27.30472945362251
29.576508275036687
29.147557267847734
