25.17420894232632
26.831596995399362
18.772891984993414
19.557716586810564
40.02155754488848
37.83985879085789
22.758950325463662
32.56257477554912
24.95795223283751
25.69446482931887
30.403454946038586
23.2749577065537
22.076448625660483
16.847436340257474
22.461179530849666
29.698545448122665
24.963627502832612
23.25840425005707
37.74103018016525
27.14716207701595
26.715242046436476
23.408397386356327
25.144931310880253
30.787478202327073
27.15298396833538
25.454010528078495
27.68734134965468
19.49433513689634
18.30526139584355
23.90969754561263
22.521545489589545
34.80560263487563
26.118203826250905
30.268482761932738
21.48256294070853
20.09536847302048
25.847468363353357
26.414781938594615
27.60340500228894
17.641348291535433
26.664436794410985
24.290250428935735
29.6995169315433
19.40803442718606
24.10729742818552
21.786633677258237
12.551209483622896
19.53632969440575
31.2803124947928
21.54195473933794
27.797558423234218
29.269567571299557
36.94568458920956
24.017892378790993
35.557652653532465
23.615198498942267
26.823712356889484
15.926969685215274
27.138220586577024
31.878453024435284
27.327710928466637
17.61055561821644
34.59084905527051
24.033292022340092
20.594969341108424
26.758576758296634
32.61684769335217
25.206034735416665
32.34784606682319
17.100168927771488
22.349208208754757
28.555391406363523
21.128202350928124
25.699351247382452
16.57985809831353
21.453190309993076
20.039779941600735
24.99585350990518
28.14536189154126
18.514801437346353
35.196313487005845
23.99744741643472
26.943172397054788
22.756527561767044
27.13714024284139
21.63780963468349
24.113763114503975
25.780187119761152
22.081843274405102
16.40819344185834
33.970199841877104
32.20854021888677
24.951357787981127
27.75131724068751
21.03475053970399
21.41553041777822
36.316150646338755
18.709913342911356
28.273288945070014
32.36734826283995
30.975065425962878
23.141385965192697
27.866401487831993
22.620185518235733
25.407739861636443
22.773335470191864
34.8351709953223
25.508058208504224
18.37038353870826
25.098048341903013
24.557085524262746
27.539248660858426
20.881782469773885
18.462213748570885
29.3098666318428
27.950225580192996
26.90167885584291
28.051298008479275
24.404924312148946
31.634425206520323
36.9478064374419
22.06059380293903
21.139438529332303
22.13533659767579
15.919186593050728
25.862601837740637
24.107825012645627
16.6694533778958
18.836227921891144
15.896433148453516
25.050030966292667
22.021964504691468
22.927708246436932
24.821793929620977
27.32132847735398
28.743122170141387
27.219207572539887
22.85134260792443
22.63198058616076
22.840429193797586
29.606230457997583
24.656772084043922
19.989760923868875
29.041751468125554
23.775160957107385
26.11693768120741
32.18734081283307
28.297134631065088
28.859972102458375
21.866780020769436
42.85153137387591
32.15448867243423
27.207393990796348
18.887020965114935
26.784643842177875
35.953054926084526
33.94594723970008
26.169214547117182
38.98164204222851
21.102053967210722
18.50246316202493
23.946842172980155
17.45302248245848
21.933214470252913
13.677409380481436
27.554826650894157
24.36041990984337
26.641916030119432
23.940127837059194
18.341505313016782
21.2867604209679
23.388633524620303
19.619684786118068
16.776436062063123
31.864058889239637
30.234793429599698
28.54027891808269
25.057944285713344
20.87606977813567
22.998243843840932
22.90961164676678
21.107380923806733
29.61247131430154
31.350403842755686
21.90949018159621
20.580167894517626
14.31202122875661
18.677379834619774
21.00540444295275
19.108291780623276
29.900172779179737
25.640281757805365
25.37849298130511
27.289887383508468
22.239035301515656
25.66642683790685
27.250159925771875
28.260911567219974
26.30427585136521
24.91604485344972
19.02199266463308
26.91356771892794
24.344507729439467
27.129659335892182
27.49004713290958
24.804744371829134
24.85646902001401
22.614215285749527
30.006469869210033
20.573441785359474
23.545684129931082
27.088325170104422
29.44437934348337
16.60060115432046
35.629182066324724
28.235807402458235
28.728245944657456
29.047540900122595
22.497257647865826
22.46155267033475
27.8964125955901
20.571448814485596
30.830746302272683
28.51632038300113
27.90322518280004
30.58586261978577
18.990795196587275
24.270346440520665
23.400871784940986
25.561207876196942
28.140636501700556
25.0726775386318
25.846662821913473
21.43193281603187
24.900667775043786
17.2429011603682
26.412749044468434
31.33296007310498
18.215952006660693
29.99755372382165
26.055162494203525
23.138689431686448
21.816147894654566
17.31331417711544
30.684416852407217
37.60955861732572
27.03722289269123
17.802678029905003
29.52868051003069
22.09604210542809
31.246066357063473
20.928209860927566
23.397401132904122
24.906452106449706
25.35725410952923
27.81759605876858
17.40307592719867
28.64130657714251
21.598149438600622
21.902491341051146
29.40515895521297
32.85288988145218
16.389713974909004
14.46710162617078
24.99106641891168
20.01392042290372
26.265423684899698
36.5611919335955
25.227814381367217
25.4758974482909
22.646053363789367
28.94598697323089
35.779356231240506
23.610196618603997
28.492308377617253
22.733571257783417
26.025789473058108
23.258565877644397
30.934112030816618
26.068756959981624
23.010755446200456
32.599493864440376
23.47882366527173
26.82603509052802
33.03284043368871
31.38627167400004
27.42087739091407
19.14914671454073
20.748509077784963
26.778280447768207
29.757015587463925
24.115226003450516
18.685074766555065
25.836730136568306
11.841921448493224
22.615205258594855
19.97378836486906
31.113088436058465
39.457371265362134
20.276881274281976
20.023620977759013
28.479418572763297
23.13242540004055
29.54818141274853
19.52852755824859
24.107372949206386
21.220821581050245
26.197276033992253
24.747726588953245
19.213521086718004
33.79125149796742
26.298576725097192
33.06651054763891
17.922700647043346
19.75821243944854
32.021378612704375
26.37645820802322
24.08095338368391
27.897922720882207
22.977961506651898
19.161294469243604
20.980704502541656
23.373087706817536
24.355800652293485
27.072851090285393
20.577682601347465
21.02096493812364
15.778480480657109
15.365119331148389
22.879955128978924
23.234164383566814
20.132210235092046
21.809479908688985
14.730057596182949
28.48903597786487
25.78996538560197
19.282258014471765
20.48371390904494
25.436446692916512
22.544810739366955
33.987877176247665
29.703281602462102
16.94591697395743
22.900658948398803
37.573020445666224
14.249313298155217
29.062507125774808
19.935736360898066
25.176936700602415
21.00535594452435
23.893529536467575
25.265555897924596
19.098989665565412
26.94244318470098
20.003481089535686
23.36028720807899
20.627583302208443
31.487375605634266
21.69625935070126
23.704367525320453
23.124171804027085
25.533967256227676
26.460477595765532
21.133114762451488
27.433546125429327
17.89004391117982
24.659667652572992
25.838334377671053
27.104305760124145
36.97628959946418
25.687983192479624
23.26476240814052
21.58472634887508
22.102124776206665
13.517233415608061
22.748202795348963
34.179029359894955
26.33349533097858
28.81438099677144
16.90245155771294
20.854428679725082
21.509613106611347
22.80533125167595
23.686776650052593
30.54933990533977
32.08812651316569
27.46586200199452
28.956223446770736
31.335408543789097
22.041229374462045
26.596233405722515
23.372562536434486
25.47688208634418
20.931417643111768
17.59146787643883
29.083483125602204
29.16577865401929
22.321019404967714
18.760550817754282
21.510880552919634
19.941815182077956
25.430256369112325
24.36527265702858
29.259657455266066
27.03030135812885
21.042938052545477
23.9916522458512
28.33840632294847
27.60719406011259
24.603267364020464
17.478336249183673
14.966009360676994
18.157273414267046
26.614079972654668
25.749186200328083
20.885494768523213
27.641846703882223
16.36889350727331
20.738196483463213
24.974271184673487
28.777673377549757
18.38352007661257
19.79977563707047
19.003892470589832
24.398099974068593
34.649256762225804
21.781278598634767
22.40592702200112
29.642853058207027
23.934210979575248
35.064046582611994
24.326643336701505
22.699030264437162
28.806470635622606
21.838728722408916
26.3688120233344
25.36554333494554
23.3902439616204
29.790874240726843
18.40060537397811
23.808628965572186
33.48584650694112
34.18126334104305
23.080505886498692
32.59056575220213
28.170067294557896
21.06657479635198
24.82771939531092
26.619009734661507
31.767383085600777
24.597071597395104
24.955756040026163
22.68392380255122
20.15587329966153
24.82790256665153
22.307201589573673
27.77516800375692
26.297012854313497
24.00922984732305
28.601981610561143
19.64336045706005
25.379721063999906
18.233138802476834
18.679457954581245
27.749083215832936
24.87209059759873
31.147160154197262
23.687976926590512
30.091277470569008
27.91337989449046
36.11070065555362
23.675788539811194
21.560203785460462
30.2009077910121
26.83811876143052
21.40653547766574
28.826111468620287
20.764127929405937
26.02378640880569
29.363751755132462
26.516659524404652
31.235178849643543
21.096567784132038
20.945965567192648
25.041416372013526
25.380800440299414
27.56943564304304
23.740472852441417
20.444672725826003
21.785201033844256
31.987312848034616
16.044972298072285
26.913862512337236
14.59412256614625
30.9556161054577
23.451851199763205
25.59898920063331
19.39666887555644
26.863246584742033
29.66360127300278
25.445535038389277
23.107020355009002
36.35240798964535
28.41680736024447
27.79667955209015
20.406666195775543
33.18219639137451
24.633068831029647
25.916932113224707
20.31111221083099
19.713671563861336
21.692449318636505
20.224013275445433
25.273617211818767
30.63988824771998
29.269799010327873
32.35742430005664
32.475475644750205
34.82967983070622
24.091228849411745
25.065804455150694
25.549211185167756
26.215962931208153
28.27478394454991
31.773157820283192
24.4655608216165
30.375736070706797
21.461778246724272
21.66534596183776
23.475554200334482
25.13519449384802
22.721988403358925
15.477343975410138
27.242566234606464
22.608126493008168
21.568376396012734
22.322727198215038
15.409592061043854
29.742022328927174
29.93970561882688
25.522761961183363
20.885170202885558
22.754942197466292
27.413697914884473
25.38463981685898
34.45201037632472
29.060516504136753
15.923956622176572
19.899983398824446
17.311216519619947
17.77850332146595
21.43072024228464
25.611940642929717
24.321247073067145
23.8703904048993
19.960646691755194
25.371950265729275
20.406064799749835
24.41095932758991
28.404334114630306
27.730735232562544
30.13325729385568
25.122526188822818
18.96514478002853
25.15749941276163
30.494451183877505
27.09966407736653
23.81424015473819
25.13214840094672
24.82704346531783
21.63018431042242
27.03834539632129
30.353074614493377
28.274951199251948
29.962638488228986
27.966195730138253
30.941532664851984
21.368767082758055
22.808653169197726
36.00482560783149
24.413518041689652
19.898539094961304
22.547134757557057
21.531735711399506
23.59785307074302
20.77849559585572
16.108141832720655
24.6523905688716
23.67369157954959
28.152752497425166
21.751159827113057
27.85264522840937
23.684053152761976
18.423753051309255
37.079475220641136
25.31059743100798
24.582512944721742
13.57487367327724
29.654721222277644
17.801849803636777
19.39554387668242
21.471859071237105
22.728296202627202
34.576549084501934
21.218328686185462
27.93726324931508
23.13435563811603
26.3131533649131
19.49788428055008
29.94700230764972
16.538220512474368
24.159309137246346
33.255334565704025
26.386609966501137
21.26836687937798
21.33428919895754
27.8600586333984
19.55101986232796
24.148234068141964
25.98241678850534
27.77664338495421
27.09974227235091
24.814623267065198
23.231208540342678
21.64595963809547
21.324411720518924
26.1348270619876
23.526452973703023
19.81835218077774
24.47532217134169
26.18948522289008
27.156551311856127
21.46461085164448
20.706218080686885
29.661944584105594
34.5403474237095
21.05097362074487
27.43109000726346
19.98561099431907
21.380814508028557
27.58755842143536
20.68301581081649
21.270559912235424
18.21314019687523
32.111460897729174
21.92189739159328
29.216017660460142
29.1861038459663
23.280944107403272
22.951266654394313
16.323378390009204
16.013518871894743
26.390911578549794
27.281640224652175
26.76196160564609
27.718919733113903
22.128419558160033
17.805639719768678
19.747957320984877
23.360648955365907
23.327991344001035
27.48053903743263
20.77379056421299
31.414848370082947
17.23265592188226
22.953488490476715
26.414050089623547
26.82478793858055
29.298872240688578
24.295293204518266
30.896494711454867
22.198916218169657
26.70100646694394
26.244431911632052
16.410587884584853
33.74679434697859
21.463079348524587
26.469885198536165
20.020051322550085
35.984960984695256
26.703524309862242
25.38365334788411
28.333764736358116
22.826315376003432
22.91381696831649
29.20831653943256
30.404543796041498
19.33536759637921
21.60111913244168
32.62596389823147
19.142951904934836
24.34590539997446
35.78631659963113
37.801236388692104
19.464253862441172
24.933216482856587
24.11061541663308
31.84346535102826
25.483561024686
16.94296838731927
28.89485442238862
24.80305171064831
19.772739220323803
20.127622269848434
26.372659883933867
24.12705426178008
20.244632111861833
26.027778502313037
18.49719784690501
27.99810079588713
28.517602042264503
20.422166969845293
21.812637739189984
25.856499843908686
15.995559691215057
28.78448760061648
25.584129528618618
27.886669436856636
21.74576585146504
18.881440872637477
23.102810229080447
23.110150341326936
33.91718753845292
29.771962612088892
21.297471322077108
22.655283195049112
25.537168933370065
31.500450628826815
32.81729203578984
23.406061153140914
22.636090683730803
23.891271824280235
22.353661556246966
20.277601272261446
28.131189348638145
29.571009056292716
21.305701746139313
21.900361610453817
23.194870383176063
27.01957731273123
19.29477751988684
23.200198139336976
26.109737026833738
17.002830026850017
23.4215272547378
26.013758619076228
27.189239717659593
29.487241824027652
19.82387572629537
28.228920876299266
32.44715582857263
26.937989726260355
19.23426359464835
18.4878628171105
36.57219786297812
23.316256517638205
20.39472010694721
24.78796432143991
30.74414785111836
23.994568268082283
23.434125320809603
19.017902775017305
20.637146455574314
22.916176757212522
23.48140393661372
24.018282468500328
26.59375497575517
25.48134863850353
21.412483420881756
30.330425178196773
22.38093759405498
28.858124425775777
20.22437628587338
26.292797335696722
20.001996836889738
35.682423522860816
22.274582451933018
24.577566244411614
26.40949618590652
27.180882750957824
29.553508287364114
25.592522049760223
21.744955381708113
22.796565795294423
23.676878030705534
18.798258828796794
14.613234472627953
29.350649389899804
28.084309800343803
33.58647633965836
20.07018799047277
17.561550717415074
23.623721064975506
32.272628160291
40.64503511089588
27.467726858998635
21.954524877037453
24.306401322047467
26.16940983136045
16.3371294786199
11.600376863146046
28.495389972531754
29.924544897163603
23.145402095355085
18.851464932235892
27.142437962491286
21.50047248712058
20.82558030563451
24.82894887335691
32.13900694402006
24.22043554746347
14.294665115673254
20.70595963480858
33.64082839868648
31.699209243816867
30.70679167453043
25.969016849862676
38.4876054332504
28.403432829369805
23.67356389397734
26.796642637221698
22.14721328100678
20.36706007514585
31.603349464101427
20.45677341742533
27.38074214133915
17.341985396569967
20.008832550485018
26.95966087975724
18.274584231939595
23.861331756974376
19.847393897860027
37.84101056273633
28.72140324573527
23.62013841318189
25.636628700472325
25.31127836354878
24.35861145491918
20.200814376355012
27.181608216958715
19.30654886899232
22.1944916221204
29.202216833000026
38.3180203696606
21.157916268974258
25.831844673629874
25.11184382354628
23.148555137986705
18.044692453339543
21.415890645282285
16.87856890114718
29.764756092790268
23.51608069285117
36.83396606931018
26.394923069848545
36.52617315874738
35.60151915368046
14.484479958791947
27.01062346294381
35.285540304705826
21.039622168224415
19.743161702135538
14.9626539546908
21.779265546073184
30.571962538166115
34.53526152228322
34.62733106532558
26.085948487061746
22.66462200359232
28.46536338558496
35.31206217979969
33.18303119614214
18.422141809813365
28.10157560609042
29.776849668976396
18.43909334447608
24.68343648737507
29.0596611191766
31.886704094670073
22.1778764869914
19.003897065612087
23.06275458666606
20.658723179805552
31.43820079965014
28.149429557891416
18.030198968790206
28.11823029682875
21.929713951210957
29.000524479154922
28.838113015664792
31.923033837062523
21.3214149556313
27.51467568601793
35.527359015569296
24.972758110226053
29.62789450519323
30.457275135702226
20.841161909805137
27.06513288080385
22.435360216841854
24.139666744846064
18.405172036514816
34.298535419255444
22.26560485002161
29.005600577507945
19.976589038183505
33.515203474405155
24.646918532241664
23.85429884948326
23.093474887300818
17.390193241469486
26.901485805359176
29.249365236249503
26.258274710448745
21.260594052120346
22.522127324891528
22.11868441548252
15.941213965113993
26.235167669025216
32.07273453220194
29.430846388350886
20.444004760453762
27.77021940544484
21.643382965511158
17.244542702179103
32.963450879073505
22.040042063177737
30.034580041712683
27.11299252038685
18.76093030166721
16.384841249835176
31.006949721857296
21.066861455522524
35.18407004819278
24.137810963213145
21.133453750944586
28.04555860115135
22.98387003226254
24.150073971652265
20.775274099320345
32.61993256936187
23.99626137126429
32.43769762916214
21.38059481849024
32.86127246492067
18.03277978713805
19.413215817668497
30.790965189778813
25.74416447148968
37.51910844175955
28.056993861149902
28.24038701812622
25.330061283898704
37.68374281398862
18.788096356546127
25.686483978000396
20.89178136142142
26.57051623528486
16.6810986639199
18.248393443171903
19.541095606330142
22.978670059118834
25.892994726628615
37.497046537225195
21.61989683035283
23.743088465418275
32.212159318318335
19.021019412495313
21.666754416133813
22.869376845304426
21.256391276580995
21.27172964407257
38.592810457857865
18.165727985715257
31.87590320127777
22.96865618589159
27.87271665685811
29.19608172202592
33.84115847134742
32.8121897301623
19.054701287687827
37.117044029920976
22.05788716324291
29.61633975495584
28.077048838757264
26.715284391486772
27.55270088748072
16.26264899403728
14.93809249194061
22.609325580883077
17.837365957966693
20.31916467125105
20.707498099002756
22.292990244898856
20.469019394160394
20.945867833545982
22.574793309395467
20.494622859270997
18.621804858232313
27.317354957181948
23.29570198112432
20.77454719480662
20.508478416281342
22.31143105411632
22.51102850684325
22.35571467744949
31.492792990246137
22.620850941968946
18.34170155170859
28.962993407263664
32.299072483627434
32.19064181660453
31.12115522271815
23.393714726174828
31.791566696353247
20.30777500201621
26.74407294298721
33.138512738909576
29.58843712962687
17.85530621517595
36.612308915254395
24.12159631680747
30.633104117736078
22.603110562088325
30.62687598508347
21.979021286598236
31.273020342736515
28.341483862217586
28.80946658468973
30.95347593456803
27.625451512447654
15.70170879169624
20.787938710869426
26.975690402314324
27.447898956155967
19.105870994174893
19.685333477651177
23.255629945103227
23.657150281970758
27.24849496554898
17.935029245263202
27.38546615163604
36.760069489794276
30.022191432069146
35.38315823054496
17.67351408498904
32.13107414327054
24.30930399227528
26.505781523205798
20.105233166307208
28.039715732023208
18.941035858069423
20.279188340154022
18.73355133726922
21.850089275291165
21.08087338089374
19.95749005043695
28.65314252500679
26.366592924804564
23.339694155179128
22.541333954287648
21.583885814820263
18.860173372809474
25.981008670771423
23.32404807810585
25.13309910968323
27.292339206012027
24.36332508615603
26.17872599920076
26.121902205983595
21.8787219133227
15.910162040187995
27.176267738152525
30.177219144262757
19.809628703582103
19.455892225502872
29.310989569085304
22.663254110288502
28.76289353695956
36.840049583135915
21.624379000937637
25.359330392945104
14.14613439255379
24.51665749268625
36.94235907285966
21.013585425960233
34.08144905831811
22.92929231432604
22.770705471299696
21.364632983843187
28.62890952970663
25.381551292212446
35.542057479820016
17.877560365424316
30.98790251943957
21.136741672496456
22.080925229204034
22.692989460550166
22.881941643934457
28.80603486599909
26.07479115859789
27.410358810766628
25.9292832646128
23.85951012509925
23.508849925887603
26.405961714024816
35.93920424715507
19.684076583543664
13.484193541896442
26.315073941784792
26.18512685949154
26.448614668137925
21.173858424716915
22.835105679060092
30.225886068893743
28.50417273374344
34.3176236035698
25.277844720218248
22.86370901713072
25.185464508188495
21.406927367835532
22.060973265773526
27.075088147329204
30.264200264914543
23.882852972994886
26.91917528592276
22.543559404532257
25.58335613839356
27.237675191773608
21.175270042103428
23.20802367441194
28.012232654793046
28.79322577063856
38.83856415891176
31.915849917368657
21.859553085703624
28.179774154628156
24.194769537136192
23.418767782982968
20.561465805962097
25.145065738878912
26.798883567565248
20.022610092603422
25.499939455697348
18.780578667987303
18.49477597533416
29.645530166521073
21.792729259484886
26.420434953079354
33.40490295365554
19.22748150142978
28.02659287043795
19.975161637110702
25.597807149135647
25.84684431091368
29.00617569721447
23.65237274816046
19.63894576231032
18.307064477588362
29.08644515954152
26.27513409047309
29.24116678372317
23.425186527745907
27.340474925202603
21.943252275409993
19.829445457733538
25.377702963301992
26.6240663070157
30.325069528711154
18.66180933764512
22.087713477488442
20.529449036753803
31.967269272208448
22.85751588167402
21.995635276265144
25.01075625640908
30.911847875931976
21.25977308590503
19.66265832314843
25.36298626133411
25.126753991603017
29.525778310147896
27.43869124728637
27.55790829358797
26.951486069117816
22.640217416901574
21.699644106766648
24.173853980565173
21.130883312947415
22.40956823271981
30.571941278842782
22.231743067710514
26.12994282552434
26.336243496119945
21.641997441307044
25.52743364018983
18.062743672369464
34.106749785740305
28.991293079391433
21.520668091321625
17.909517714473825
20.46766623231275
30.692699649423318
25.589650042232773
34.7476027965871
21.3974081361311
21.372244614390084
25.44997320338766
20.689857754548385
26.041008504763973
23.270071356118663
23.71388893971922
18.640643205299003
15.959592861361466
27.030334476916927
18.464340495291157
22.929253993102275
26.625627174815328
30.505047496529144
25.566916929559056
21.895917406655933
20.65274788211969
35.39036224904942
23.159848736094443
35.302874010159464
29.456969199001726
27.392244193934545
24.66744034297794
23.633381719549487
24.877238335360886
24.298037771842207
26.433653767422932
28.12722421222154
25.593633826503734
19.967410735222067
30.903284528521556
30.417872174344996
33.272239308395186
23.762519985233464
22.272539532462215
23.441147295306706
29.76141152599589
18.884753621179925
21.817082482099764
28.865709585933594
23.1425527643751
19.394425797481006
27.091991994286154
22.81641455466954
31.45711676364825
29.59614997959988
18.4930709590335
31.39151470163882
27.139182450998852
26.913134584281483
23.897072406855486
27.657158352494218
20.478503329759224
21.729928195893084
26.371746562920343
21.903658293569762
26.42554337361707
22.004698483951742
27.531171727405486
24.082609442173922
24.901112954864892
28.74833924121252
29.92979712228798
33.66029117913706
25.047249781980717
15.908406213456736
19.25760095181181
18.67603731847748
32.73149914513127
24.389158737562802
29.728017934273854
27.26214283378304
25.871957901075735
31.140385654886867
20.50396419168978
23.973890795002742
26.11072556096636
16.981461412593244
21.60450160239395
29.020856295685025
20.834650173921524
25.353118258949802
16.096805516782407
25.49434733611631
15.924538118685277
29.350085084211162
23.085989613496512
29.098721860955482
17.151211472799233
26.617461898958833
27.384422816122296
26.31348955141928
28.275840284070686
21.06206225109968
18.534272460047575
23.022371787274956
30.725554914706773
29.872191226123558
36.971765126273766
29.02000672688517
19.616660364634377
19.912643703946422
31.039404388797436
29.210901147506604
26.658812393198158
29.454443662609535
23.701534396285954
23.49175230992888
25.34819638517231
25.65889861920024
25.157268950050305
28.579673273158853
21.485779158621458
20.998364174548602
22.17631794960032
29.461204298145738
22.714544709033294
27.198129853408105
25.015462850256924
25.619131095646843
