0.702247034291564
0.3572900792375855
0.15865820262438834
1.0766380887779106
2.018651710067677
0.023499276722872213
0.19103933715296134
3.7395059493058156
1.0023492623427943
0.40948367885984505
0.4789185724833551
0.4564924688533921
0.6619935902948868
1.9542629422876001
0.19368300854609247
2.976881930055268
1.8357726330054194
0.8048913421687182
0.52220938259717
1.8807699987876922
0.9618960110146043
1.817039814861417
0.894817281610494
0.324315678613233
0.6729364056848137
0.7795918198247636
2.3449591961023053
0.20645731367385117
0.4755767262887865
2.8979477851963718
0.9694546296272166
0.2932230084187597
1.106737743527564
0.37686877095538174
0.6867904441567172
0.41764392494010777
0.3263194514006909
0.10033229881538175
0.02958426671245819
0.9314294719987782
1.4799689873316177
2.2358634773265966
0.15236915372521098
0.41665798449142094
0.7830149994578565
0.8362407917840843
0.7886732250633216
0.4020392929031528
0.5525522699786445
5.976753791387764
1.93538504800958
0.15589762124077666
0.13119258935444467
1.6678772803391666
0.086942040647935
1.0876969532622247
0.04658460883469515
0.6610302743584611
0.6481659828685593
2.6485304336871165
0.3513299249376233
0.5916916863553571
3.3197774400914066
0.8942335967954931
0.6113104362080167
3.4822623173078027
0.06960153174404832
2.349773855294382
0.3439385484725716
0.019955938897421397
1.1164203872140728
0.22233631062168024
0.8768091323529936
0.0966494236311208
0.309088554973954
1.0943285310596564
0.7821783407474516
2.1540514159830617
1.5386408769113986
1.784119028563612
0.8218570746651376
0.14556847945514503
2.588932862883502
2.5537101030473885
2.652534471650564
0.03203108511408354
0.3312820804631318
0.12052985121907162
0.4147833728849867
0.8330130698535229
0.5029380521026272
0.41819903956748083
0.6163664942107461
0.8892345409089855
0.6292521682619832
0.1205953949730335
0.7647443671492906
0.430789926868982
1.2608637465922377
1.969917307731528
1.9328726070111184
0.07460871145705783
0.8406056087572263
1.2967633731719355
0.07242614386622574
0.15352661991158975
0.3253936896596512
1.3404054331466335
0.3263802975533742
0.7501068799045844
0.064977034781927
0.3526166799544052
0.2786429732788912
1.3851835936602919
0.37097448760690005
0.4377249106250735
3.0561057870363366
0.23583883853958104
1.5442428509752368
1.5859070995512896
0.34969329590309794
0.7966935348162543
1.1574547780216962
0.30887010911027735
0.07688080969923007
1.711323854519799
1.1561442982450647
0.6351306004287703
0.5860923193400994
0.3761382428663805
0.7479942128234834
1.6264018846110593
0.38147684042535845
0.08535482661081868
1.0385979436641868
0.7295060214847753
3.1501344710836974
1.9863541575124988
0.4695954671131846
0.3277384236057094
1.4669656203537704
1.6002110095569393
4.264569938554216
0.19598545177944823
3.980614281816183
0.4474537974263296
1.0760610395862904
0.8257401899883272
3.42480726284418
0.21177109720175125
3.258855863658845
1.8940134272066715
0.813491920101273
1.0236155930746664
0.5552442210078402
0.015365728765404827
1.3888589043711999
0.48480426884135297
0.3086836752962859
1.475667921719796
0.1875631575653107
0.404332008722046
0.18005718080984878
0.48944419196194955
0.3778810045018309
0.49310980178362274
0.9384481325285492
0.6586888487992355
1.0427737521212335
0.7101949817363987
1.6059538894717864
0.584589346379181
0.7146977481138506
0.3214367424439199
0.6558281798578125
3.2539620678256216
0.25527258108571216
0.7935317500958761
1.8204543480029225
1.0932144171570757
0.023512407837515844
1.7501448219424478
1.1293629434494525
1.789428842480168
0.9476564528286703
0.7679703021548109
1.1555415621024292
0.18122639132237295
0.2974955333572387
0.13248367526849986
0.31451581107039667
0.24519821179182594
0.4565257239943068
2.8964852195923143
2.557231991758834
4.010761580528654
0.09041211358069101
0.8141920801939566
0.05905595032796692
0.006671471969377835
0.7262142163586736
1.0027105407475756
0.2352503812238746
0.4083567276733862
0.12200402116655966
0.13858858379160777
1.1169305805380247
0.07424630377470309
0.8057803775152006
1.6240420194765746
0.38005549641885217
0.6700873403084406
0.305724694224728
0.1881320840407591
0.10235976330416582
0.23319394594981468
1.61493903933255
2.766546213017945
0.42281262846998496
0.4888156825791821
0.49774122751504185
0.8522480830861023
0.11245101285159588
1.7672813500730364
1.3363032239315844
0.4159742292097918
3.6441612475903016
1.1067517744343545
0.1555855590767054
2.106447831517184
0.1562111507156512
0.074425962842551
0.8094256037876124
0.7034595185151099
1.4967460912932806
1.1556064056227109
0.8694901315342487
0.568171369185334
1.832473476830195
0.3419836990567562
0.5994166451735187
0.24922574752270232
0.9565124489574783
3.1083689921963655
0.9424563796832292
0.11555921468772527
0.28573459465938955
0.8176278772799825
0.07300794086758666
0.49845332522405916
2.8649515051281425
4.48032993488317
0.19869942360899676
1.355883974222335
0.39679899948722874
0.18768740791818833
0.18087224794079237
1.3991540126382835
2.351291809191343
0.04030569834146343
1.2854879460328406
0.4770207357288696
1.6983954876463718
0.33624574813885666
0.15061412317693046
2.4247337806404987
0.5724765322282364
0.8725924657647394
0.7995863814073116
1.0778318461075729
1.1772992361621468
0.388803667252839
0.7966088810848195
0.259641321582062
0.09406989953580791
0.6410403439670419
1.4439808124790832
1.256104379636581
0.7121600705341273
7.828044799458513
1.6858592322342758
3.948549136230778
2.6794558230723267
0.020670628634390873
0.14795152195275696
0.49850638021929633
0.47066195189246335
3.748946584536469
3.1656018481173858
1.1193495338487867
0.8765767807447186
1.6600421079600973
1.040718070038306
0.003679981475654249
0.058756589358931716
0.10762697878515741
0.47502561384513997
2.2479897970151925
0.896285069712646
0.9078397219862927
0.14047083289100415
2.0533339402919992
1.012693321427631
0.9324034625773864
0.45452699823426074
1.0732597484901967
0.8834041650791292
0.3577200964653068
2.2609603589901375
0.6741665718541594
0.5446898951075383
0.6214617123614578
0.4721329003128226
1.0434848151615939
0.6506283008231857
0.3741075247786909
0.08936298107632608
0.6164278223679717
0.9625020625279175
0.05939424436847877
1.4312500740307528
0.6059852483973085
0.37478622032237474
0.872320604353405
1.2667161640356557
0.7281049121498667
1.5509122970625184
0.12685590009835082
2.183549210657599
0.8000560881044871
0.7115369319743702
0.41706054776585516
1.9004066470513805
0.9238694517039416
0.46093628544838294
1.2306097878984674
0.14544548288211645
1.1499962763763394
0.019193799199675936
0.8818090290869915
0.36979172278668504
1.7604273058760997
0.33732139798399136
2.058868859479135
1.0978496363889416
0.09141993440659954
1.1468769790676472
1.043811055056512
0.002954908590929365
0.09146007658700232
0.03695368794620686
0.1399620186243755
1.1545715213418553
0.667728620343583
0.21845330093570878
1.5854935514578692
2.6897647073632966
2.509232594662951
0.4618543952282555
0.49723923087932187
1.8344579843290794
1.0162885241965693
0.33184448937835376
0.08381087861445323
0.5355798150982531
0.3106057417025982
1.166305363166238
1.8679592973584627
1.9953300512326764
2.7166867076507093
0.04752733049641588
3.2878119163657247
1.5020414364493806
0.28383992329759
1.5799048052923803
0.561633405954948
2.209683215319344
1.3991574291338924
0.6637972081239929
2.8563436405932574
0.2108428523668979
0.26641321093864145
0.13471206308314956
1.0436020876301593
0.9011055686083443
1.0701512903116082
0.4482359881136366
0.052183169291551826
1.0896887727014746
0.2550402073673115
2.9543615574773594
1.5573974469351182
0.6815826980049597
0.4709298047665907
